2013_01_12_23_56_45_843689170  2601.000 8 16
2013_01_12_23_57_08_712758304  2601.000 8 14
2013_01_12_23_57_32_457203819  2601.000 8 12
2013_01_12_23_57_56_364553434  2601.000 8 10
2013_01_12_23_58_21_180630882  2601.000 8 8
2013_01_12_23_58_49_153414428  2601.000 8 6
2013_01_12_23_59_20_004111467  2601.000 8 4
2013_01_12_23_59_58_579974438  2601.000 10 16
2013_01_13_00_00_19_181821273  2601.000 10 14
2013_01_13_00_00_33_616815095  2601.000 10 12
2013_01_13_00_00_48_281964820  2601.000 10 10
2013_01_13_00_01_03_300141808  2601.000 10 8
2013_01_13_00_01_19_404536660  2601.000 10 6
2013_01_13_00_01_36_625361076  2601.000 10 4
2013_01_13_00_01_56_620786092  2601.000 12 16
2013_01_13_00_02_16_561602675  2601.000 12 14
2013_01_13_00_02_29_850891796  2601.000 12 12
2013_01_13_00_02_45_554500910  2601.000 12 10
2013_01_13_00_02_59_184520016  2601.000 12 8
2013_01_13_00_03_16_136863607  2601.000 8 16
2013_01_13_00_03_16_364176312  2601.000 12 6
2013_01_13_00_03_34_462835833  2601.000 12 4
2013_01_13_00_03_39_062191611  2601.000 8 14
2013_01_13_00_03_54_782610047  2601.000 14 16
2013_01_13_00_04_03_036731070  2601.000 8 12
2013_01_13_00_04_10_590649075  2601.000 14 14
2013_01_13_00_04_21_826955515  2601.000 14 12
2013_01_13_00_04_27_425167073  2601.000 8 10
2013_01_13_00_04_33_330367236  2601.000 14 10
2013_01_13_00_04_44_927927591  2601.000 14 8
2013_01_13_00_04_52_625880049  2601.000 8 8
2013_01_13_00_04_57_502441357  2601.000 14 6
2013_01_13_00_05_11_016037592  2601.000 14 4
2013_01_13_00_05_21_057304874  2601.000 8 6
2013_01_13_00_05_26_640338529  2601.000 16 16
2013_01_13_00_05_43_208280072  2601.000 16 14
2013_01_13_00_05_52_628298067  2601.000 8 4
2013_01_13_00_05_55_040611661  2601.000 16 12
2013_01_13_00_06_07_554735395  2601.000 16 10
2013_01_13_00_06_20_215911321  2601.000 16 8
2013_01_13_00_06_31_405384287  2601.000 10 16
2013_01_13_00_06_33_316312316  2601.000 16 6
2013_01_13_00_06_44_468679358  2601.000 10 14
2013_01_13_00_06_47_682297343  2601.000 16 4
2013_01_13_00_06_57_729299351  2601.000 10 12
2013_01_13_00_07_03_817878899  2601.000 18 16
2013_01_13_00_07_11_141767063  2601.000 10 10
2013_01_13_00_07_20_467316800  2601.000 18 14
2013_01_13_00_07_25_062904319  2601.000 10 8
2013_01_13_00_07_32_016949580  2601.000 18 12
2013_01_13_00_07_39_907816513  2601.000 10 6
2013_01_13_00_07_43_894965044  2601.000 18 10
2013_01_13_00_07_55_595762009  2601.000 18 8
2013_01_13_00_07_55_883396824  2601.000 10 4
2013_01_13_00_08_07_908842036  2601.000 18 6
2013_01_13_00_08_14_886289527  2601.000 12 16
2013_01_13_00_08_21_151056792  2601.000 18 4
2013_01_13_00_08_28_362737430  2601.000 12 14
2013_01_13_00_08_35_899147927  2601.000 20 16
2013_01_13_00_08_41_903085631  2601.000 12 12
2013_01_13_00_08_51_553038202  2601.000 20 14
2013_01_13_00_08_55_845978204  2601.000 12 10
2013_01_13_00_09_02_026441771  2601.000 20 12
2013_01_13_00_09_10_009847586  2601.000 12 8
2013_01_13_00_09_12_699501042  2601.000 20 10
2013_01_13_00_09_23_597453392  2601.000 20 8
2013_01_13_00_09_25_196377543  2601.000 12 6
2013_01_13_00_09_35_354733104  2601.000 20 6
2013_01_13_00_09_41_580012019  2601.000 12 4
2013_01_13_00_09_49_812527053  2601.000 20 4
2013_01_13_00_10_00_722001199  2601.000 14 16
2013_01_13_00_10_03_777612492  2601.000 22 16
2013_01_13_00_10_13_350341069  2601.000 14 14
2013_01_13_00_10_19_027948878  2601.000 22 14
2013_01_13_00_10_25_621092716  2601.000 14 12
2013_01_13_00_10_29_966230231  2601.000 22 12
2013_01_13_00_10_38_172915302  2601.000 14 10
2013_01_13_00_10_40_872431076  2601.000 22 10
2013_01_13_00_10_50_885778227  2601.000 14 8
2013_01_13_00_10_51_954982613  2601.000 22 8
2013_01_13_00_11_03_246836042  2601.000 22 6
2013_01_13_00_11_04_347292835  2601.000 14 6
2013_01_13_00_11_15_611113035  2601.000 22 4
2013_01_13_00_11_18_559724718  2601.000 14 4
2013_01_13_00_11_29_021015993  2601.000 24 16
2013_01_13_00_11_35_380875222  2601.000 16 16
2013_01_13_00_11_43_383407422  2601.000 24 14
2013_01_13_00_11_48_176745495  2601.000 16 14
2013_01_13_00_11_54_379368250  2601.000 24 12
2013_01_13_00_12_01_638730126  2601.000 16 12
2013_01_13_00_12_04_924882487  2601.000 24 10
2013_01_13_00_12_15_105328263  2601.000 16 10
2013_01_13_00_12_15_861606489  2601.000 24 8
2013_01_13_00_12_27_385567731  2601.000 24 6
2013_01_13_00_12_28_793224311  2601.000 16 8
2013_01_13_00_12_39_055806892  2601.000 24 4
2013_01_13_00_12_43_493862783  2601.000 16 6
2013_01_13_00_12_52_775764319  2601.000 26 16
2013_01_13_00_12_58_920257900  2601.000 16 4
2013_01_13_00_13_06_267783547  2601.000 26 14
2013_01_13_00_13_15_978007565  2601.000 26 12
2013_01_13_00_13_16_465276203  2601.000 18 16
2013_01_13_00_13_26_443600859  2601.000 26 10
2013_01_13_00_13_32_438839928  2601.000 18 14
2013_01_13_00_13_36_564160735  2601.000 26 8
2013_01_13_00_13_44_374793832  2601.000 18 12
2013_01_13_00_13_47_388127764  2601.000 26 6
2013_01_13_00_13_55_396920070  2601.000 18 10
2013_01_13_00_13_58_099863186  2601.000 26 4
2013_01_13_00_14_06_650983260  2601.000 18 8
2013_01_13_00_14_10_659015933  2601.000 28 16
2013_01_13_00_14_18_633123121  2601.000 18 6
2013_01_13_00_14_23_921003617  2601.000 28 14
2013_01_13_00_14_31_394740695  2601.000 18 4
2013_01_13_00_14_33_505585316  2601.000 28 12
2013_01_13_00_14_42_794003286  2601.000 28 10
2013_01_13_00_14_45_826351596  2601.000 20 16
2013_01_13_00_14_52_139115539  2601.000 28 8
2013_01_13_00_15_02_000533688  2601.000 20 14
2013_01_13_00_15_02_455550138  2601.000 28 6
2013_01_13_00_15_13_062134811  2601.000 28 4
2013_01_13_00_15_13_462966994  2601.000 20 12
2013_01_13_00_15_25_225683018  2601.000 20 10
2013_01_13_00_15_25_319714077  2601.000 30 16
2013_01_13_00_15_37_274160951  2601.000 20 8
2013_01_13_00_15_38_224054861  2601.000 30 14
2013_01_13_00_15_48_703803352  2601.000 30 12
2013_01_13_00_15_49_858070576  2601.000 20 6
2013_01_13_00_15_58_393064549  2601.000 30 10
2013_01_13_00_16_03_158132886  2601.000 20 4
2013_01_13_00_16_08_291813363  2601.000 30 8
2013_01_13_00_16_18_755313488  2601.000 22 16
2013_01_13_00_16_19_315577913  2601.000 30 6
2013_01_13_00_16_30_176506983  2601.000 30 4
2013_01_13_00_16_32_963331993  2601.000 22 14
2013_01_13_00_16_42_284963526  2601.000 32 16
2013_01_13_00_16_43_301146617  2601.000 22 12
2013_01_13_00_16_53_920329129  2601.000 22 10
2013_01_13_00_16_54_672499090  2601.000 32 14
2013_01_13_00_17_03_681553459  2601.000 32 12
2013_01_13_00_17_04_717091329  2601.000 22 8
2013_01_13_00_17_12_905585733  2601.000 32 10
2013_01_13_00_17_16_113894533  2601.000 22 6
2013_01_13_00_17_22_160669828  2601.000 32 8
2013_01_13_00_17_27_879795945  2601.000 22 4
2013_01_13_00_17_31_667910587  2601.000 32 6
2013_01_13_00_17_40_886410947  2601.000 24 16
2013_01_13_00_17_42_157979312  2601.000 32 4
2013_01_13_00_17_52_977556868  2601.000 8 16
2013_01_13_00_17_55_363440280  2601.000 24 14
2013_01_13_00_18_05_790280557  2601.000 24 12
2013_01_13_00_18_16_740540400  2601.000 24 10
2013_01_13_00_18_23_273659684  2601.000 8 14
2013_01_13_00_18_27_869540073  2601.000 24 8
2013_01_13_00_18_39_224526224  2601.000 24 6
2013_01_13_00_18_51_320488593  2601.000 24 4
2013_01_13_00_18_52_769876860  2601.000 8 12
2013_01_13_00_19_04_278734560  2601.000 26 16
2013_01_13_00_19_17_339469151  2601.000 26 14
2013_01_13_00_19_22_908384928  2601.000 8 10
2013_01_13_00_19_27_134353119  2601.000 26 12
2013_01_13_00_19_37_638076106  2601.000 26 10
2013_01_13_00_19_47_773854483  2601.000 26 8
2013_01_13_00_19_52_820243020  2601.000 8 8
2013_01_13_00_19_58_079430919  2601.000 26 6
2013_01_13_00_20_08_971670408  2601.000 26 4
2013_01_13_00_20_21_166719275  2601.000 28 16
2013_01_13_00_20_24_673165397  2601.000 8 6
2013_01_13_00_20_34_392421955  2601.000 28 14
2013_01_13_00_20_44_359668806  2601.000 28 12
2013_01_13_00_20_54_134754371  2601.000 28 10
2013_01_13_00_21_00_343425925  2601.000 8 4
2013_01_13_00_21_04_162368046  2601.000 28 8
2013_01_13_00_21_14_534269942  2601.000 28 6
2013_01_13_00_21_25_546265788  2601.000 28 4
2013_01_13_00_21_37_752391239  2601.000 30 16
2013_01_13_00_21_45_466081624  2601.000 10 16
2013_01_13_00_21_50_355840407  2601.000 30 14
2013_01_13_00_21_59_742140185  2601.000 30 12
2013_01_13_00_22_09_412522296  2601.000 30 10
2013_01_13_00_22_10_806079227  2601.000 10 14
2013_01_13_00_22_19_130909367  2601.000 30 8
2013_01_13_00_22_27_482540849  2601.000 10 12
2013_01_13_00_22_29_089784668  2601.000 30 6
2013_01_13_00_22_39_535419205  2601.000 30 4
2013_01_13_00_22_44_854365737  2601.000 10 10
2013_01_13_00_22_50_997025012  2601.000 32 16
2013_01_13_00_23_01_660924483  2601.000 10 8
2013_01_13_00_23_02_668230746  2601.000 32 14
2013_01_13_00_23_11_112542698  2601.000 32 12
2013_01_13_00_23_20_478967933  2601.000 10 6
2013_01_13_00_23_20_543308977  2601.000 32 10
2013_01_13_00_23_29_390282085  2601.000 32 8
2013_01_13_00_23_38_365910436  2601.000 32 6
2013_01_13_00_23_40_531612285  2601.000 10 4
2013_01_13_00_23_47_769732016  2601.000 32 4
2013_01_13_00_23_58_712847918  2601.000 8 16
2013_01_13_00_24_04_368044175  2601.000 12 16
2013_01_13_00_24_29_528968306  2601.000 8 14
2013_01_13_00_24_30_153730724  2601.000 12 14
2013_01_13_00_24_46_842761162  2601.000 12 12
2013_01_13_00_24_59_291200095  2601.000 8 12
2013_01_13_00_25_03_749916255  2601.000 12 10
2013_01_13_00_25_21_088515407  2601.000 12 8
2013_01_13_00_25_30_293099212  2601.000 8 10
2013_01_13_00_25_39_180501501  2601.000 12 6
2013_01_13_00_25_58_759064906  2601.000 12 4
2013_01_13_00_26_00_649758605  2601.000 8 8
2013_01_13_00_26_21_750379676  2601.000 14 16
2013_01_13_00_26_33_021487854  2601.000 8 6
2013_01_13_00_26_41_016644195  2601.000 14 14
2013_01_13_00_26_54_824797620  2601.000 14 12
2013_01_13_00_27_08_795955075  2601.000 14 10
2013_01_13_00_27_09_278160008  2601.000 8 4
2013_01_13_00_27_22_388335967  2601.000 14 8
2013_01_13_00_27_36_716762285  2601.000 14 6
2013_01_13_00_27_52_183663547  2601.000 14 4
2013_01_13_00_27_54_238542831  2601.000 10 16
2013_01_13_00_28_10_538066148  2601.000 16 16
2013_01_13_00_28_12_323741611  2601.000 10 14
2013_01_13_00_28_29_795535908  2601.000 10 12
2013_01_13_00_28_30_822161062  2601.000 16 14
2013_01_13_00_28_44_497488491  2601.000 16 12
2013_01_13_00_28_47_654645182  2601.000 10 10
2013_01_13_00_28_58_602320038  2601.000 16 10
2013_01_13_00_29_05_263587850  2601.000 10 8
2013_01_13_00_29_12_538828025  2601.000 16 8
2013_01_13_00_29_24_111989266  2601.000 10 6
2013_01_13_00_29_27_045761205  2601.000 16 6
2013_01_13_00_29_42_742687267  2601.000 16 4
2013_01_13_00_29_44_003494881  2601.000 10 4
2013_01_13_00_30_01_209710251  2601.000 18 16
2013_01_13_00_30_07_765950709  2601.000 12 16
2013_01_13_00_30_18_412562701  2601.000 18 14
2013_01_13_00_30_24_646367354  2601.000 12 14
2013_01_13_00_30_29_915726307  2601.000 18 12
2013_01_13_00_30_40_954548466  2601.000 12 12
2013_01_13_00_30_41_953828790  2601.000 18 10
2013_01_13_00_30_54_045056085  2601.000 18 8
2013_01_13_00_30_57_612006477  2601.000 12 10
2013_01_13_00_31_06_229549806  2601.000 18 6
2013_01_13_00_31_14_119504450  2601.000 12 8
2013_01_13_00_31_19_383347501  2601.000 18 4
2013_01_13_00_31_31_464923844  2601.000 12 6
2013_01_13_00_31_35_267081787  2601.000 20 16
2013_01_13_00_31_50_333792875  2601.000 12 4
2013_01_13_00_31_52_322574780  2601.000 20 14
2013_01_13_00_32_04_116111884  2601.000 20 12
2013_01_13_00_32_12_960882199  2601.000 14 16
2013_01_13_00_32_16_082183751  2601.000 20 10
2013_01_13_00_32_27_675731299  2601.000 20 8
2013_01_13_00_32_27_873300340  2601.000 14 14
2013_01_13_00_32_39_833267778  2601.000 20 6
2013_01_13_00_32_41_920889444  2601.000 14 12
2013_01_13_00_32_52_968124490  2601.000 20 4
2013_01_13_00_32_56_397422424  2601.000 14 10
2013_01_13_00_33_08_167676384  2601.000 22 16
2013_01_13_00_33_12_234791923  2601.000 14 8
2013_01_13_00_33_25_044099224  2601.000 22 14
2013_01_13_00_33_27_312170425  2601.000 14 6
2013_01_13_00_33_37_504728793  2601.000 22 12
2013_01_13_00_33_43_928264805  2601.000 14 4
2013_01_13_00_33_49_583227592  2601.000 22 10
2013_01_13_00_34_00_669041591  2601.000 22 8
2013_01_13_00_34_01_484473766  2601.000 16 16
2013_01_13_00_34_13_069588879  2601.000 22 6
2013_01_13_00_34_16_093367487  2601.000 16 14
2013_01_13_00_34_25_902560155  2601.000 22 4
2013_01_13_00_34_31_029554046  2601.000 16 12
2013_01_13_00_34_40_846903963  2601.000 24 16
2013_01_13_00_34_45_631008858  2601.000 16 10
2013_01_13_00_34_56_559848872  2601.000 24 14
2013_01_13_00_35_00_443614998  2601.000 16 8
2013_01_13_00_35_08_857230719  2601.000 24 12
2013_01_13_00_35_15_929519499  2601.000 16 6
2013_01_13_00_35_20_979067334  2601.000 24 10
2013_01_13_00_35_32_580532225  2601.000 16 4
2013_01_13_00_35_32_993369768  2601.000 24 8
2013_01_13_00_35_45_097625253  2601.000 24 6
2013_01_13_00_35_51_901972254  2601.000 18 16
2013_01_13_00_35_58_121923109  2601.000 24 4
2013_01_13_00_36_10_205780355  2601.000 18 14
2013_01_13_00_36_12_943945745  2601.000 26 16
2013_01_13_00_36_22_771865042  2601.000 18 12
2013_01_13_00_36_28_217090398  2601.000 26 14
2013_01_13_00_36_35_530929555  2601.000 18 10
2013_01_13_00_36_39_188348797  2601.000 26 12
2013_01_13_00_36_49_341799823  2601.000 18 8
2013_01_13_00_36_50_743054584  2601.000 26 10
2013_01_13_00_37_01_805836469  2601.000 26 8
2013_01_13_00_37_02_440114728  2601.000 18 6
2013_01_13_00_37_13_222474430  2601.000 26 6
2013_01_13_00_37_16_387063110  2601.000 18 4
2013_01_13_00_37_25_241734441  2601.000 26 4
2013_01_13_00_37_32_439170727  2601.000 20 16
2013_01_13_00_37_38_430963991  2601.000 28 16
2013_01_13_00_37_49_883517334  2601.000 20 14
2013_01_13_00_37_53_821983004  2601.000 28 14
2013_01_13_00_38_02_721457354  2601.000 20 12
2013_01_13_00_38_04_671504624  2601.000 28 12
2013_01_13_00_38_15_565781411  2601.000 28 10
2013_01_13_00_38_16_458181575  2601.000 20 10
2013_01_13_00_38_27_840360919  2601.000 28 8
2013_01_13_00_38_29_280370848  2601.000 20 8
2013_01_13_00_38_39_175395653  2601.000 28 6
2013_01_13_00_38_43_289447110  2601.000 20 6
2013_01_13_00_38_51_417545801  2601.000 28 4
2013_01_13_00_38_58_101055194  2601.000 20 4
2013_01_13_00_39_04_625588250  2601.000 30 16
2013_01_13_00_39_15_030448240  2601.000 22 16
2013_01_13_00_39_18_808901954  2601.000 30 14
2013_01_13_00_39_29_103910898  2601.000 30 12
2013_01_13_00_39_30_558264106  2601.000 22 14
2013_01_13_00_39_40_054431361  2601.000 30 10
2013_01_13_00_39_41_899596854  2601.000 22 12
2013_01_13_00_39_51_140921735  2601.000 30 8
2013_01_13_00_39_53_318444812  2601.000 22 10
2013_01_13_00_40_01_921033460  2601.000 30 6
2013_01_13_00_40_05_261070473  2601.000 22 8
2013_01_13_00_40_12_946364778  2601.000 30 4
2013_01_13_00_40_17_724835437  2601.000 22 6
2013_01_13_00_40_25_446933869  2601.000 32 16
2013_01_13_00_40_30_494890780  2601.000 22 4
2013_01_13_00_40_39_347997298  2601.000 32 14
2013_01_13_00_40_45_140826628  2601.000 24 16
2013_01_13_00_40_49_551580289  2601.000 32 12
2013_01_13_00_40_59_914604338  2601.000 32 10
2013_01_13_00_41_00_846111746  2601.000 24 14
2013_01_13_00_41_10_173321279  2601.000 32 8
2013_01_13_00_41_12_478975315  2601.000 24 12
2013_01_13_00_41_20_691481973  2601.000 32 6
2013_01_13_00_41_24_069450430  2601.000 24 10
2013_01_13_00_41_31_578664389  2601.000 32 4
2013_01_13_00_41_35_728441167  2601.000 24 8
2013_01_13_00_41_43_859741300  2601.000 8 16
2013_01_13_00_41_47_675556022  2601.000 24 6
2013_01_13_00_42_00_838834684  2601.000 24 4
2013_01_13_00_42_10_323145238  2601.000 8 14
2013_01_13_00_42_15_202808165  2601.000 26 16
2013_01_13_00_42_29_298304578  2601.000 26 14
2013_01_13_00_42_37_271496727  2601.000 8 12
2013_01_13_00_42_39_891764959  2601.000 26 12
2013_01_13_00_42_50_549758051  2601.000 26 10
2013_01_13_00_43_01_082032218  2601.000 26 8
2013_01_13_00_43_03_601960019  2601.000 8 10
2013_01_13_00_43_12_134491675  2601.000 26 6
2013_01_13_00_43_23_669544664  2601.000 26 4
2013_01_13_00_43_31_883170855  2601.000 8 8
2013_01_13_00_43_36_584760839  2601.000 28 16
2013_01_13_00_43_50_527509473  2601.000 28 14
2013_01_13_00_44_01_674376502  2601.000 28 12
2013_01_13_00_44_03_958225285  2601.000 8 6
2013_01_13_00_44_12_603831913  2601.000 28 10
2013_01_13_00_44_24_378052385  2601.000 28 8
2013_01_13_00_44_35_955969144  2601.000 28 6
2013_01_13_00_44_38_867986150  2601.000 8 4
2013_01_13_00_44_48_267694612  2601.000 28 4
2013_01_13_00_45_01_487868631  2601.000 30 16
2013_01_13_00_45_15_597770000  2601.000 30 14
2013_01_13_00_45_18_539676412  2601.000 8 16
2013_01_13_00_45_24_282095113  2601.000 10 16
2013_01_13_00_45_25_929768792  2601.000 30 12
2013_01_13_00_45_36_514691487  2601.000 30 10
2013_01_13_00_45_42_115130988  2601.000 8 14
2013_01_13_00_45_47_434635895  2601.000 30 8
2013_01_13_00_45_47_720599347  2601.000 10 14
2013_01_13_00_45_58_346867449  2601.000 30 6
2013_01_13_00_46_02_363477576  2601.000 10 12
2013_01_13_00_46_06_719761474  2601.000 8 12
2013_01_13_00_46_09_797621526  2601.000 30 4
2013_01_13_00_46_17_094678781  2601.000 10 10
2013_01_13_00_46_22_975126696  2601.000 32 16
2013_01_13_00_46_31_340814433  2601.000 8 10
2013_01_13_00_46_32_045628361  2601.000 10 8
2013_01_13_00_46_37_359595199  2601.000 32 14
2013_01_13_00_46_47_890460712  2601.000 32 12
2013_01_13_00_46_48_429475226  2601.000 10 6
2013_01_13_00_46_56_867064805  2601.000 8 8
2013_01_13_00_46_57_937131509  2601.000 32 10
2013_01_13_00_47_06_585236230  2601.000 10 4
2013_01_13_00_47_08_371465884  2601.000 32 8
2013_01_13_00_47_19_377966108  2601.000 32 6
2013_01_13_00_47_24_849847812  2601.000 8 6
2013_01_13_00_47_28_455292806  2601.000 12 16
2013_01_13_00_47_30_481027144  2601.000 32 4
2013_01_13_00_47_43_422752221  2601.000 8 16
2013_01_13_00_47_51_384230715  2601.000 12 14
2013_01_13_00_47_56_030016878  2601.000 8 4
2013_01_13_00_48_07_141290170  2601.000 12 12
2013_01_13_00_48_10_372492790  2601.000 8 14
2013_01_13_00_48_23_002544063  2601.000 12 10
2013_01_13_00_48_34_775256570  2601.000 10 16
2013_01_13_00_48_37_474886072  2601.000 8 12
2013_01_13_00_48_39_046002003  2601.000 12 8
2013_01_13_00_48_49_487153293  2601.000 10 14
2013_01_13_00_48_56_330493258  2601.000 12 6
2013_01_13_00_49_04_267639819  2601.000 10 12
2013_01_13_00_49_05_123542050  2601.000 8 10
2013_01_13_00_49_15_031529083  2601.000 12 4
2013_01_13_00_49_19_099568594  2601.000 10 10
2013_01_13_00_49_33_224604553  2601.000 8 8
2013_01_13_00_49_33_848590246  2601.000 10 8
2013_01_13_00_49_37_552574453  2601.000 14 16
2013_01_13_00_49_50_387238379  2601.000 10 6
2013_01_13_00_49_56_392424166  2601.000 14 14
2013_01_13_00_50_05_490753940  2601.000 8 6
2013_01_13_00_50_08_163326637  2601.000 10 4
2013_01_13_00_50_09_389483322  2601.000 14 12
2013_01_13_00_50_22_509757414  2601.000 14 10
2013_01_13_00_50_27_672788218  2601.000 12 16
2013_01_13_00_50_35_940351820  2601.000 14 8
2013_01_13_00_50_41_059928824  2601.000 12 14
2013_01_13_00_50_41_513024330  2601.000 8 4
2013_01_13_00_50_50_249617593  2601.000 14 6
2013_01_13_00_50_54_339874454  2601.000 12 12
2013_01_13_00_51_05_868147804  2601.000 14 4
2013_01_13_00_51_08_250413001  2601.000 12 10
2013_01_13_00_51_21_843051145  2601.000 12 8
2013_01_13_00_51_24_160350257  2601.000 16 16
2013_01_13_00_51_26_631332114  2601.000 10 16
2013_01_13_00_51_36_669629196  2601.000 12 6
2013_01_13_00_51_43_448216557  2601.000 16 14
2013_01_13_00_51_43_725426271  2601.000 10 14
2013_01_13_00_51_52_929923064  2601.000 12 4
2013_01_13_00_51_56_485749346  2601.000 16 12
2013_01_13_00_51_59_272297766  2601.000 10 12
2013_01_13_00_52_09_610378572  2601.000 16 10
2013_01_13_00_52_11_706750834  2601.000 14 16
2013_01_13_00_52_14_821097298  2601.000 10 10
2013_01_13_00_52_22_869900758  2601.000 16 8
2013_01_13_00_52_23_156288557  2601.000 14 14
2013_01_13_00_52_30_708277319  2601.000 10 8
2013_01_13_00_52_34_318543094  2601.000 14 12
2013_01_13_00_52_36_385592136  2601.000 16 6
2013_01_13_00_52_46_209817599  2601.000 14 10
2013_01_13_00_52_48_307988054  2601.000 10 6
2013_01_13_00_52_52_106083263  2601.000 16 4
2013_01_13_00_52_57_792362544  2601.000 14 8
2013_01_13_00_53_07_341026535  2601.000 10 4
2013_01_13_00_53_10_158350759  2601.000 14 6
2013_01_13_00_53_10_560063642  2601.000 18 16
2013_01_13_00_53_23_767149188  2601.000 14 4
2013_01_13_00_53_26_857208881  2601.000 18 14
2013_01_13_00_53_30_119548367  2601.000 12 16
2013_01_13_00_53_38_183790159  2601.000 18 12
2013_01_13_00_53_39_129371367  2601.000 16 16
2013_01_13_00_53_45_517778996  2601.000 12 14
2013_01_13_00_53_49_276441075  2601.000 18 10
2013_01_13_00_53_51_505482128  2601.000 16 14
2013_01_13_00_54_00_466115240  2601.000 18 8
2013_01_13_00_54_00_775527887  2601.000 12 12
2013_01_13_00_54_03_811171775  2601.000 16 12
2013_01_13_00_54_12_740300311  2601.000 18 6
2013_01_13_00_54_16_184293307  2601.000 12 10
2013_01_13_00_54_16_388892037  2601.000 16 10
2013_01_13_00_54_26_343497751  2601.000 18 4
2013_01_13_00_54_29_336489787  2601.000 16 8
2013_01_13_00_54_32_037161366  2601.000 12 8
2013_01_13_00_54_41_710299816  2601.000 20 16
2013_01_13_00_54_42_566325636  2601.000 16 6
2013_01_13_00_54_49_428465181  2601.000 12 6
2013_01_13_00_54_57_793752067  2601.000 16 4
2013_01_13_00_54_58_304877487  2601.000 20 14
2013_01_13_00_55_08_422093617  2601.000 12 4
2013_01_13_00_55_09_239168213  2601.000 20 12
2013_01_13_00_55_15_178314897  2601.000 18 16
2013_01_13_00_55_20_168543255  2601.000 20 10
2013_01_13_00_55_29_977533344  2601.000 18 14
2013_01_13_00_55_31_082915794  2601.000 14 16
2013_01_13_00_55_31_398180760  2601.000 20 8
2013_01_13_00_55_42_061453243  2601.000 18 12
2013_01_13_00_55_43_539741367  2601.000 20 6
2013_01_13_00_55_45_337733208  2601.000 14 14
2013_01_13_00_55_53_235275864  2601.000 18 10
2013_01_13_00_55_57_004071997  2601.000 20 4
2013_01_13_00_55_58_613951638  2601.000 14 12
2013_01_13_00_56_04_444439206  2601.000 18 8
2013_01_13_00_56_12_260588828  2601.000 22 16
2013_01_13_00_56_12_327411771  2601.000 14 10
2013_01_13_00_56_16_812055416  2601.000 18 6
2013_01_13_00_56_25_830804009  2601.000 14 8
2013_01_13_00_56_27_888312813  2601.000 22 14
2013_01_13_00_56_29_368165611  2601.000 18 4
2013_01_13_00_56_40_569293809  2601.000 22 12
2013_01_13_00_56_40_723854285  2601.000 14 6
2013_01_13_00_56_43_007451609  2601.000 20 16
2013_01_13_00_56_51_813061130  2601.000 22 10
2013_01_13_00_56_56_577801598  2601.000 14 4
2013_01_13_00_56_59_090581335  2601.000 20 14
2013_01_13_00_57_03_287439648  2601.000 22 8
2013_01_13_00_57_10_915945176  2601.000 20 12
2013_01_13_00_57_15_203338538  2601.000 16 16
2013_01_13_00_57_15_470544106  2601.000 22 6
2013_01_13_00_57_22_323302569  2601.000 20 10
2013_01_13_00_57_28_509434954  2601.000 22 4
2013_01_13_00_57_29_707484517  2601.000 16 14
2013_01_13_00_57_34_070527200  2601.000 20 8
2013_01_13_00_57_42_789800567  2601.000 16 12
2013_01_13_00_57_43_093886270  2601.000 24 16
2013_01_13_00_57_46_749940100  2601.000 20 6
2013_01_13_00_57_55_676997953  2601.000 16 10
2013_01_13_00_57_58_081877824  2601.000 24 14
2013_01_13_00_57_59_685001881  2601.000 20 4
2013_01_13_00_58_08_891763989  2601.000 16 8
2013_01_13_00_58_09_489810434  2601.000 24 12
2013_01_13_00_58_14_491285909  2601.000 22 16
2013_01_13_00_58_20_622358208  2601.000 24 10
2013_01_13_00_58_23_475478814  2601.000 16 6
2013_01_13_00_58_27_766672579  2601.000 22 14
2013_01_13_00_58_32_008570315  2601.000 24 8
2013_01_13_00_58_38_150605047  2601.000 22 12
2013_01_13_00_58_39_211673205  2601.000 16 4
2013_01_13_00_58_44_211811665  2601.000 24 6
2013_01_13_00_58_48_257560359  2601.000 22 10
2013_01_13_00_58_56_749866306  2601.000 24 4
2013_01_13_00_58_56_751002202  2601.000 18 16
2013_01_13_00_58_59_213335535  2601.000 22 8
2013_01_13_00_59_10_596562123  2601.000 22 6
2013_01_13_00_59_11_497810724  2601.000 26 16
2013_01_13_00_59_13_550340446  2601.000 18 14
2013_01_13_00_59_22_227858560  2601.000 22 4
2013_01_13_00_59_25_909543596  2601.000 18 12
2013_01_13_00_59_27_475403172  2601.000 26 14
2013_01_13_00_59_34_961251120  2601.000 24 16
2013_01_13_00_59_37_820614468  2601.000 18 10
2013_01_13_00_59_37_877323874  2601.000 26 12
2013_01_13_00_59_48_340254724  2601.000 26 10
2013_01_13_00_59_48_468734895  2601.000 24 14
2013_01_13_00_59_49_936260367  2601.000 18 8
2013_01_13_00_59_57_869855389  2601.000 24 12
2013_01_13_00_59_59_231295861  2601.000 26 8
2013_01_13_01_00_03_109775790  2601.000 18 6
2013_01_13_01_00_07_407799090  2601.000 24 10
2013_01_13_01_00_10_350714436  2601.000 26 6
2013_01_13_01_00_16_884083276  2601.000 24 8
2013_01_13_01_00_17_041277874  2601.000 18 4
2013_01_13_01_00_22_100406571  2601.000 26 4
2013_01_13_01_00_28_193969775  2601.000 24 6
2013_01_13_01_00_33_215048049  2601.000 20 16
2013_01_13_01_00_35_260174824  2601.000 28 16
2013_01_13_01_00_38_998534354  2601.000 24 4
2013_01_13_01_00_50_708417221  2601.000 28 14
2013_01_13_01_00_50_862319162  2601.000 20 14
2013_01_13_01_00_52_156948374  2601.000 26 16
2013_01_13_01_01_01_501324046  2601.000 28 12
2013_01_13_01_01_02_672601476  2601.000 20 12
2013_01_13_01_01_04_205701874  2601.000 26 14
2013_01_13_01_01_11_787770184  2601.000 28 10
2013_01_13_01_01_12_890477255  2601.000 26 12
2013_01_13_01_01_15_062553800  2601.000 20 10
2013_01_13_01_01_21_607823259  2601.000 26 10
2013_01_13_01_01_22_306826854  2601.000 28 8
2013_01_13_01_01_27_638063090  2601.000 20 8
2013_01_13_01_01_30_466750956  2601.000 26 8
2013_01_13_01_01_33_555400418  2601.000 28 6
2013_01_13_01_01_41_429977633  2601.000 20 6
2013_01_13_01_01_41_505286853  2601.000 26 6
2013_01_13_01_01_45_267616654  2601.000 28 4
2013_01_13_01_01_52_379927174  2601.000 26 4
2013_01_13_01_01_56_239959263  2601.000 20 4
2013_01_13_01_01_58_620897864  2601.000 30 16
2013_01_13_01_02_03_437519761  2601.000 28 16
2013_01_13_01_02_12_391554998  2601.000 30 14
2013_01_13_01_02_13_220379040  2601.000 22 16
2013_01_13_01_02_16_846803171  2601.000 28 14
2013_01_13_01_02_24_029289995  2601.000 30 12
2013_01_13_01_02_26_810276818  2601.000 28 12
2013_01_13_01_02_28_744133603  2601.000 22 14
2013_01_13_01_02_34_198641984  2601.000 30 10
2013_01_13_01_02_36_786797504  2601.000 28 10
2013_01_13_01_02_41_120973165  2601.000 22 12
2013_01_13_01_02_44_333687286  2601.000 30 8
2013_01_13_01_02_47_008959292  2601.000 28 8
2013_01_13_01_02_51_965465024  2601.000 22 10
2013_01_13_01_02_55_147434025  2601.000 30 6
2013_01_13_01_02_57_689266678  2601.000 28 6
2013_01_13_01_03_02_783985472  2601.000 22 8
2013_01_13_01_03_06_200172558  2601.000 30 4
2013_01_13_01_03_08_747408517  2601.000 28 4
2013_01_13_01_03_14_824460943  2601.000 22 6
2013_01_13_01_03_18_903805151  2601.000 32 16
2013_01_13_01_03_20_984182766  2601.000 30 16
2013_01_13_01_03_27_326754357  2601.000 22 4
2013_01_13_01_03_31_744481310  2601.000 32 14
2013_01_13_01_03_33_379506413  2601.000 30 14
2013_01_13_01_03_41_474144811  2601.000 24 16
2013_01_13_01_03_42_201762211  2601.000 32 12
2013_01_13_01_03_42_787424472  2601.000 30 12
2013_01_13_01_03_52_209855251  2601.000 32 10
2013_01_13_01_03_52_214735754  2601.000 30 10
2013_01_13_01_03_56_290075580  2601.000 24 14
2013_01_13_01_04_01_575957132  2601.000 30 8
2013_01_13_01_04_02_051273156  2601.000 32 8
2013_01_13_01_04_07_884884973  2601.000 24 12
2013_01_13_01_04_12_209321518  2601.000 30 6
2013_01_13_01_04_12_820244337  2601.000 32 6
2013_01_13_01_04_18_908706682  2601.000 24 10
2013_01_13_01_04_22_188166777  2601.000 30 4
2013_01_13_01_04_23_841821626  2601.000 32 4
2013_01_13_01_04_30_241651380  2601.000 24 8
2013_01_13_01_04_33_389964804  2601.000 32 16
2013_01_13_01_04_36_269447890  2601.000 8 16
2013_01_13_01_04_42_232027648  2601.000 24 6
2013_01_13_01_04_45_605331286  2601.000 32 14
2013_01_13_01_04_55_057001119  2601.000 24 4
2013_01_13_01_04_55_223784148  2601.000 32 12
2013_01_13_01_05_01_360122055  2601.000 8 14
2013_01_13_01_05_04_771098831  2601.000 32 10
2013_01_13_01_05_09_635741106  2601.000 26 16
2013_01_13_01_05_14_583873706  2601.000 32 8
2013_01_13_01_05_24_443087502  2601.000 26 14
2013_01_13_01_05_24_854430760  2601.000 32 6
2013_01_13_01_05_27_643102566  2601.000 8 12
2013_01_13_01_05_34_600591574  2601.000 26 12
2013_01_13_01_05_35_415840770  2601.000 32 4
2013_01_13_01_05_44_854057024  2601.000 26 10
2013_01_13_01_05_46_791095448  2601.000 8 16
2013_01_13_01_05_54_376367626  2601.000 26 8
2013_01_13_01_05_55_126829646  2601.000 8 10
2013_01_13_01_06_05_250349290  2601.000 26 6
2013_01_13_01_06_16_836694584  2601.000 8 14
2013_01_13_01_06_16_849730598  2601.000 26 4
2013_01_13_01_06_23_695146825  2601.000 8 8
2013_01_13_01_06_28_832529659  2601.000 28 16
2013_01_13_01_06_43_218441718  2601.000 28 14
2013_01_13_01_06_45_603799465  2601.000 8 12
2013_01_13_01_06_53_584320798  2601.000 28 12
2013_01_13_01_06_56_030971643  2601.000 8 6
2013_01_13_01_07_03_821079694  2601.000 28 10
2013_01_13_01_07_14_280586524  2601.000 28 8
2013_01_13_01_07_16_460336819  2601.000 8 10
2013_01_13_01_07_25_465592201  2601.000 28 6
2013_01_13_01_07_32_062129254  2601.000 8 4
2013_01_13_01_07_37_114155614  2601.000 28 4
2013_01_13_01_07_46_720289913  2601.000 8 8
2013_01_13_01_07_49_755963953  2601.000 30 16
2013_01_13_01_08_03_453722018  2601.000 30 14
2013_01_13_01_08_14_839910495  2601.000 30 12
2013_01_13_01_08_17_911297467  2601.000 10 16
2013_01_13_01_08_18_497407206  2601.000 8 6
2013_01_13_01_08_24_743619463  2601.000 30 10
2013_01_13_01_08_35_017878355  2601.000 30 8
2013_01_13_01_08_38_438110933  2601.000 10 14
2013_01_13_01_08_46_010493176  2601.000 30 6
2013_01_13_01_08_52_459454640  2601.000 10 12
2013_01_13_01_08_54_041230653  2601.000 8 4
2013_01_13_01_08_57_071745249  2601.000 30 4
2013_01_13_01_09_07_357513090  2601.000 10 10
2013_01_13_01_09_10_201177315  2601.000 32 16
2013_01_13_01_09_22_087658992  2601.000 32 14
2013_01_13_01_09_22_752650976  2601.000 10 8
2013_01_13_01_09_31_253545832  2601.000 32 12
2013_01_13_01_09_39_229412802  2601.000 10 16
2013_01_13_01_09_39_987014733  2601.000 10 6
2013_01_13_01_09_40_118108846  2601.000 32 10
2013_01_13_01_09_49_590812730  2601.000 32 8
2013_01_13_01_09_55_101693028  2601.000 10 14
2013_01_13_01_09_58_579615500  2601.000 10 4
2013_01_13_01_09_59_183102978  2601.000 32 6
2013_01_13_01_10_10_252432162  2601.000 32 4
2013_01_13_01_10_10_388424766  2601.000 10 12
2013_01_13_01_10_21_783150676  2601.000 12 16
2013_01_13_01_10_22_439308526  2601.000 8 16
2013_01_13_01_10_26_141823501  2601.000 10 10
2013_01_13_01_10_41_616496018  2601.000 10 8
2013_01_13_01_10_43_631338888  2601.000 12 14
2013_01_13_01_10_47_565517084  2601.000 8 14
2013_01_13_01_10_58_168522111  2601.000 10 6
2013_01_13_01_10_58_773699103  2601.000 12 12
2013_01_13_01_11_14_162698546  2601.000 8 12
2013_01_13_01_11_14_243741346  2601.000 12 10
2013_01_13_01_11_16_142043245  2601.000 10 4
2013_01_13_01_11_30_313826953  2601.000 12 8
2013_01_13_01_11_37_712789281  2601.000 12 16
2013_01_13_01_11_41_968930068  2601.000 8 10
2013_01_13_01_11_47_972130871  2601.000 12 6
2013_01_13_01_11_53_704264693  2601.000 12 14
2013_01_13_01_12_06_895756610  2601.000 12 4
2013_01_13_01_12_09_345649312  2601.000 12 12
2013_01_13_01_12_10_531272677  2601.000 8 8
2013_01_13_01_12_25_740369428  2601.000 12 10
2013_01_13_01_12_29_660204177  2601.000 14 16
2013_01_13_01_12_41_384841909  2601.000 12 8
2013_01_13_01_12_42_622373202  2601.000 8 6
2013_01_13_01_12_46_801354193  2601.000 14 14
2013_01_13_01_12_58_366291256  2601.000 12 6
2013_01_13_01_12_59_368618680  2601.000 14 12
2013_01_13_01_13_12_431434704  2601.000 14 10
2013_01_13_01_13_16_446747394  2601.000 12 4
2013_01_13_01_13_18_788431887  2601.000 8 4
2013_01_13_01_13_25_531415944  2601.000 14 8
2013_01_13_01_13_38_366572408  2601.000 14 16
2013_01_13_01_13_40_000347434  2601.000 14 6
2013_01_13_01_13_51_630572798  2601.000 14 14
2013_01_13_01_13_55_760160909  2601.000 14 4
2013_01_13_01_14_04_585301035  2601.000 14 12
2013_01_13_01_14_04_595963390  2601.000 10 16
2013_01_13_01_14_14_360320734  2601.000 16 16
2013_01_13_01_14_17_627684519  2601.000 14 10
2013_01_13_01_14_20_344780046  2601.000 10 14
2013_01_13_01_14_30_707808339  2601.000 14 8
2013_01_13_01_14_31_962821697  2601.000 16 14
2013_01_13_01_14_36_485972293  2601.000 10 12
2013_01_13_01_14_44_282009167  2601.000 14 6
2013_01_13_01_14_44_551661753  2601.000 16 12
2013_01_13_01_14_52_664449387  2601.000 10 10
2013_01_13_01_14_57_895068385  2601.000 16 10
2013_01_13_01_14_59_095873428  2601.000 14 4
2013_01_13_01_15_09_380318430  2601.000 10 8
2013_01_13_01_15_11_499171128  2601.000 16 8
2013_01_13_01_15_16_941872089  2601.000 16 16
2013_01_13_01_15_26_070365529  2601.000 16 6
2013_01_13_01_15_27_559479241  2601.000 10 6
2013_01_13_01_15_31_261297386  2601.000 16 14
2013_01_13_01_15_41_847911695  2601.000 16 4
2013_01_13_01_15_45_029763410  2601.000 16 12
2013_01_13_01_15_47_035247400  2601.000 10 4
2013_01_13_01_15_59_187036227  2601.000 16 10
2013_01_13_01_16_00_295260608  2601.000 18 16
2013_01_13_01_16_10_596864063  2601.000 12 16
2013_01_13_01_16_13_025877146  2601.000 16 8
2013_01_13_01_16_17_205383786  2601.000 18 14
2013_01_13_01_16_25_119915481  2601.000 12 14
2013_01_13_01_16_27_678832805  2601.000 16 6
2013_01_13_01_16_29_112755802  2601.000 18 12
2013_01_13_01_16_40_231919878  2601.000 12 12
2013_01_13_01_16_41_184848675  2601.000 18 10
2013_01_13_01_16_43_524798832  2601.000 16 4
2013_01_13_01_16_53_581077494  2601.000 18 8
2013_01_13_01_16_55_739684620  2601.000 12 10
2013_01_13_01_17_02_078293199  2601.000 18 16
2013_01_13_01_17_06_927871547  2601.000 18 6
2013_01_13_01_17_11_588398547  2601.000 12 8
2013_01_13_01_17_20_597251209  2601.000 18 14
2013_01_13_01_17_21_122194368  2601.000 18 4
2013_01_13_01_17_29_254385341  2601.000 12 6
2013_01_13_01_17_33_767638217  2601.000 18 12
2013_01_13_01_17_37_511048234  2601.000 20 16
2013_01_13_01_17_46_923942974  2601.000 18 10
2013_01_13_01_17_48_139399627  2601.000 12 4
2013_01_13_01_17_53_572508521  2601.000 20 14
2013_01_13_01_18_00_033821006  2601.000 18 8
2013_01_13_01_18_04_757533556  2601.000 20 12
2013_01_13_01_18_10_829471887  2601.000 14 16
2013_01_13_01_18_13_605438425  2601.000 18 6
2013_01_13_01_18_16_189319915  2601.000 20 10
2013_01_13_01_18_24_008542807  2601.000 14 14
2013_01_13_01_18_27_300308348  2601.000 20 8
2013_01_13_01_18_28_037243516  2601.000 18 4
2013_01_13_01_18_37_209416319  2601.000 14 12
2013_01_13_01_18_39_423965355  2601.000 20 6
2013_01_13_01_18_44_723871410  2601.000 20 16
2013_01_13_01_18_51_185145113  2601.000 14 10
2013_01_13_01_18_52_367474768  2601.000 20 4
2013_01_13_01_19_01_152492168  2601.000 20 14
2013_01_13_01_19_05_196409201  2601.000 14 8
2013_01_13_01_19_07_840948612  2601.000 22 16
2013_01_13_01_19_13_085580925  2601.000 20 12
2013_01_13_01_19_20_501210491  2601.000 14 6
2013_01_13_01_19_23_198789820  2601.000 22 14
2013_01_13_01_19_24_803559427  2601.000 20 10
2013_01_13_01_19_35_375803339  2601.000 22 12
2013_01_13_01_19_36_275766648  2601.000 20 8
2013_01_13_01_19_36_879355804  2601.000 14 4
2013_01_13_01_19_47_107875309  2601.000 22 10
2013_01_13_01_19_48_349853323  2601.000 20 6
2013_01_13_01_19_56_051647048  2601.000 16 16
2013_01_13_01_19_58_816685358  2601.000 22 8
2013_01_13_01_20_01_359383917  2601.000 20 4
2013_01_13_01_20_09_588448942  2601.000 16 14
2013_01_13_01_20_11_658731393  2601.000 22 6
2013_01_13_01_20_16_714077827  2601.000 22 16
2013_01_13_01_20_22_844107302  2601.000 16 12
2013_01_13_01_20_24_892147011  2601.000 22 4
2013_01_13_01_20_33_252166334  2601.000 22 14
2013_01_13_01_20_36_622359776  2601.000 16 10
2013_01_13_01_20_39_989633478  2601.000 24 16
2013_01_13_01_20_45_321428794  2601.000 22 12
2013_01_13_01_20_50_515436170  2601.000 16 8
2013_01_13_01_20_55_074511252  2601.000 24 14
2013_01_13_01_20_57_152579914  2601.000 22 10
2013_01_13_01_21_05_771260516  2601.000 16 6
2013_01_13_01_21_06_254547483  2601.000 24 12
2013_01_13_01_21_09_446486627  2601.000 22 8
2013_01_13_01_21_17_538082742  2601.000 24 10
2013_01_13_01_21_22_014874731  2601.000 16 4
2013_01_13_01_21_22_030672391  2601.000 22 6
2013_01_13_01_21_29_355541156  2601.000 24 8
2013_01_13_01_21_35_349720024  2601.000 22 4
2013_01_13_01_21_41_271396101  2601.000 18 16
2013_01_13_01_21_42_410215539  2601.000 24 6
2013_01_13_01_21_50_222997984  2601.000 24 16
2013_01_13_01_21_55_500437287  2601.000 24 4
2013_01_13_01_21_57_721430643  2601.000 18 14
2013_01_13_01_22_05_820684646  2601.000 24 14
2013_01_13_01_22_09_486820046  2601.000 18 12
2013_01_13_01_22_10_183854564  2601.000 26 16
2013_01_13_01_22_18_183318824  2601.000 24 12
2013_01_13_01_22_21_691696179  2601.000 18 10
2013_01_13_01_22_24_031987655  2601.000 26 14
2013_01_13_01_22_29_894042508  2601.000 24 10
2013_01_13_01_22_33_843302007  2601.000 18 8
2013_01_13_01_22_34_554852091  2601.000 26 12
2013_01_13_01_22_41_909196204  2601.000 24 8
2013_01_13_01_22_45_326910396  2601.000 26 10
2013_01_13_01_22_46_922108812  2601.000 18 6
2013_01_13_01_22_54_212558375  2601.000 24 6
2013_01_13_01_22_56_089814123  2601.000 26 8
2013_01_13_01_23_00_812305350  2601.000 18 4
2013_01_13_01_23_07_413346363  2601.000 26 6
2013_01_13_01_23_07_844550182  2601.000 24 4
2013_01_13_01_23_16_953539291  2601.000 20 16
2013_01_13_01_23_19_911621194  2601.000 26 4
2013_01_13_01_23_22_792615722  2601.000 26 16
2013_01_13_01_23_33_497832194  2601.000 20 14
2013_01_13_01_23_33_542708003  2601.000 28 16
2013_01_13_01_23_37_375472079  2601.000 26 14
2013_01_13_01_23_45_450578261  2601.000 20 12
2013_01_13_01_23_47_035025084  2601.000 28 14
2013_01_13_01_23_48_441853899  2601.000 26 12
2013_01_13_01_23_56_886040408  2601.000 28 12
2013_01_13_01_23_57_261302423  2601.000 20 10
2013_01_13_01_24_00_003559018  2601.000 26 10
2013_01_13_01_24_07_221398254  2601.000 28 10
2013_01_13_01_24_09_355127742  2601.000 20 8
2013_01_13_01_24_11_249700283  2601.000 26 8
2013_01_13_01_24_17_805905052  2601.000 28 8
2013_01_13_01_24_22_513903336  2601.000 20 6
2013_01_13_01_24_22_797101590  2601.000 26 6
2013_01_13_01_24_28_311879029  2601.000 28 6
2013_01_13_01_24_34_918399701  2601.000 26 4
2013_01_13_01_24_36_496672591  2601.000 20 4
2013_01_13_01_24_40_711714423  2601.000 28 4
2013_01_13_01_24_48_337410289  2601.000 28 16
2013_01_13_01_24_52_755654350  2601.000 22 16
2013_01_13_01_24_53_475705344  2601.000 30 16
2013_01_13_01_25_02_651182737  2601.000 28 14
2013_01_13_01_25_05_897980882  2601.000 30 14
2013_01_13_01_25_07_680715506  2601.000 22 14
2013_01_13_01_25_13_402211801  2601.000 28 12
2013_01_13_01_25_15_974457458  2601.000 30 12
2013_01_13_01_25_18_586419661  2601.000 22 12
2013_01_13_01_25_24_306989684  2601.000 28 10
2013_01_13_01_25_25_885785918  2601.000 30 10
2013_01_13_01_25_29_610136121  2601.000 22 10
2013_01_13_01_25_35_662869226  2601.000 30 8
2013_01_13_01_25_35_859994467  2601.000 28 8
2013_01_13_01_25_40_907248966  2601.000 22 8
2013_01_13_01_25_45_982457928  2601.000 30 6
2013_01_13_01_25_47_006146015  2601.000 28 6
2013_01_13_01_25_52_860984163  2601.000 22 6
2013_01_13_01_25_56_886178877  2601.000 30 4
2013_01_13_01_25_58_759094842  2601.000 28 4
2013_01_13_01_26_05_355442774  2601.000 22 4
2013_01_13_01_26_09_438086928  2601.000 32 16
2013_01_13_01_26_11_968680879  2601.000 30 16
2013_01_13_01_26_19_879273575  2601.000 24 16
2013_01_13_01_26_22_358206134  2601.000 32 14
2013_01_13_01_26_25_669653604  2601.000 30 14
2013_01_13_01_26_32_214527051  2601.000 32 12
2013_01_13_01_26_35_220960245  2601.000 24 14
2013_01_13_01_26_35_929529655  2601.000 30 12
2013_01_13_01_26_42_307706159  2601.000 32 10
2013_01_13_01_26_46_085821753  2601.000 24 12
2013_01_13_01_26_46_688056368  2601.000 30 10
2013_01_13_01_26_52_171498055  2601.000 32 8
2013_01_13_01_26_57_211153807  2601.000 30 8
2013_01_13_01_26_57_353990527  2601.000 24 10
2013_01_13_01_27_02_962718926  2601.000 32 6
2013_01_13_01_27_08_133574785  2601.000 30 6
2013_01_13_01_27_08_882809130  2601.000 24 8
2013_01_13_01_27_14_313243527  2601.000 32 4
2013_01_13_01_27_19_437349826  2601.000 30 4
2013_01_13_01_27_21_047011709  2601.000 24 6
2013_01_13_01_27_26_492674177  2601.000 8 16
2013_01_13_01_27_31_944277899  2601.000 32 16
2013_01_13_01_27_34_070817239  2601.000 24 4
2013_01_13_01_27_46_700639894  2601.000 32 14
2013_01_13_01_27_48_527698073  2601.000 26 16
2013_01_13_01_27_51_510972744  2601.000 8 14
2013_01_13_01_27_57_364379964  2601.000 32 12
2013_01_13_01_28_02_054026129  2601.000 26 14
2013_01_13_01_28_07_877829039  2601.000 32 10
2013_01_13_01_28_12_338191665  2601.000 26 12
2013_01_13_01_28_16_616370063  2601.000 8 12
2013_01_13_01_28_18_505755693  2601.000 32 8
2013_01_13_01_28_22_942310674  2601.000 26 10
2013_01_13_01_28_29_331369987  2601.000 32 6
2013_01_13_01_28_33_478912292  2601.000 26 8
2013_01_13_01_28_40_420334664  2601.000 32 4
2013_01_13_01_28_44_069638413  2601.000 8 10
2013_01_13_01_28_44_654762370  2601.000 26 6
2013_01_13_01_28_53_062957384  2601.000 8 16
2013_01_13_01_28_56_416858822  2601.000 26 4
2013_01_13_01_29_09_640748138  2601.000 28 16
2013_01_13_01_29_11_339316250  2601.000 8 8
2013_01_13_01_29_19_550578340  2601.000 8 14
2013_01_13_01_29_23_278392386  2601.000 28 14
2013_01_13_01_29_33_630685113  2601.000 28 12
2013_01_13_01_29_43_399800035  2601.000 8 6
2013_01_13_01_29_44_169610468  2601.000 28 10
2013_01_13_01_29_46_484623174  2601.000 8 12
2013_01_13_01_29_55_195406411  2601.000 28 8
2013_01_13_01_30_06_598310587  2601.000 28 6
2013_01_13_01_30_13_829858047  2601.000 8 10
2013_01_13_01_30_18_768030288  2601.000 28 4
2013_01_13_01_30_19_405628290  2601.000 8 4
2013_01_13_01_30_32_154866403  2601.000 30 16
2013_01_13_01_30_42_286470327  2601.000 8 8
2013_01_13_01_30_44_848754736  2601.000 30 14
2013_01_13_01_30_54_525007893  2601.000 30 12
2013_01_13_01_31_04_376450171  2601.000 30 10
2013_01_13_01_31_05_020587664  2601.000 10 16
2013_01_13_01_31_14_349319007  2601.000 30 8
2013_01_13_01_31_14_442565688  2601.000 8 6
2013_01_13_01_31_24_750349522  2601.000 30 6
2013_01_13_01_31_25_619997063  2601.000 10 14
2013_01_13_01_31_35_541230880  2601.000 30 4
2013_01_13_01_31_39_703784113  2601.000 10 12
2013_01_13_01_31_48_569872541  2601.000 32 16
2013_01_13_01_31_50_378011525  2601.000 8 4
2013_01_13_01_31_54_146238279  2601.000 10 10
2013_01_13_01_32_00_263267339  2601.000 32 14
2013_01_13_01_32_08_813629418  2601.000 10 8
2013_01_13_01_32_09_549056986  2601.000 32 12
2013_01_13_01_32_18_661805907  2601.000 32 10
2013_01_13_01_32_25_398620580  2601.000 10 6
2013_01_13_01_32_28_564076643  2601.000 32 8
2013_01_13_01_32_36_203669294  2601.000 10 16
2013_01_13_01_32_38_538075944  2601.000 32 6
2013_01_13_01_32_43_537496473  2601.000 10 4
2013_01_13_01_32_49_281900203  2601.000 32 4
2013_01_13_01_32_52_122134216  2601.000 10 14
2013_01_13_01_33_01_034134256  2601.000 8 16
2013_01_13_01_33_05_867962546  2601.000 12 16
2013_01_13_01_33_06_710040346  2601.000 10 12
2013_01_13_01_33_21_820148817  2601.000 10 10
2013_01_13_01_33_26_204492130  2601.000 8 14
2013_01_13_01_33_30_842177911  2601.000 12 14
2013_01_13_01_33_36_782576602  2601.000 10 8
2013_01_13_01_33_46_037734191  2601.000 12 12
2013_01_13_01_33_52_759538463  2601.000 8 12
2013_01_13_01_33_53_357448221  2601.000 10 6
2013_01_13_01_34_01_494414464  2601.000 12 10
2013_01_13_01_34_11_502738386  2601.000 10 4
2013_01_13_01_34_17_823659213  2601.000 12 8
2013_01_13_01_34_20_462275932  2601.000 8 10
2013_01_13_01_34_33_411557725  2601.000 12 16
2013_01_13_01_34_35_576532909  2601.000 12 6
2013_01_13_01_34_47_784169108  2601.000 8 8
2013_01_13_01_34_48_268839218  2601.000 12 14
2013_01_13_01_34_54_514961128  2601.000 12 4
2013_01_13_01_35_02_901135820  2601.000 12 12
2013_01_13_01_35_17_120510919  2601.000 14 16
2013_01_13_01_35_17_923739004  2601.000 12 10
2013_01_13_01_35_18_885460604  2601.000 8 6
2013_01_13_01_35_33_007528771  2601.000 12 8
2013_01_13_01_35_33_386707309  2601.000 14 14
2013_01_13_01_35_45_206610749  2601.000 14 12
2013_01_13_01_35_50_001627510  2601.000 12 6
2013_01_13_01_35_54_618456490  2601.000 8 4
2013_01_13_01_35_57_347736268  2601.000 14 10
2013_01_13_01_36_08_284257505  2601.000 12 4
2013_01_13_01_36_10_258041661  2601.000 14 8
2013_01_13_01_36_24_007808776  2601.000 14 6
2013_01_13_01_36_30_795024401  2601.000 14 16
2013_01_13_01_36_38_922094816  2601.000 14 4
2013_01_13_01_36_40_292843651  2601.000 10 16
2013_01_13_01_36_44_371145258  2601.000 14 14
2013_01_13_01_36_54_583468575  2601.000 10 14
2013_01_13_01_36_56_355968855  2601.000 16 16
2013_01_13_01_36_56_780959415  2601.000 14 12
2013_01_13_01_37_09_723791068  2601.000 14 10
2013_01_13_01_37_10_436928624  2601.000 10 12
2013_01_13_01_37_13_627204681  2601.000 16 14
2013_01_13_01_37_22_889660278  2601.000 14 8
2013_01_13_01_37_25_680106571  2601.000 10 10
2013_01_13_01_37_26_547772542  2601.000 16 12
2013_01_13_01_37_37_623924523  2601.000 14 6
2013_01_13_01_37_39_626175176  2601.000 16 10
2013_01_13_01_37_41_217866029  2601.000 10 8
2013_01_13_01_37_52_507648272  2601.000 14 4
2013_01_13_01_37_52_863049736  2601.000 16 8
2013_01_13_01_37_58_575136828  2601.000 10 6
2013_01_13_01_38_07_265629882  2601.000 16 6
2013_01_13_01_38_11_196923297  2601.000 16 16
2013_01_13_01_38_17_204819813  2601.000 10 4
2013_01_13_01_38_22_838619761  2601.000 16 4
2013_01_13_01_38_26_952432009  2601.000 16 14
2013_01_13_01_38_40_117321795  2601.000 12 16
2013_01_13_01_38_41_087168889  2601.000 16 12
2013_01_13_01_38_41_304307471  2601.000 18 16
2013_01_13_01_38_54_674237505  2601.000 12 14
2013_01_13_01_38_55_293757226  2601.000 16 10
2013_01_13_01_38_57_253417960  2601.000 18 14
2013_01_13_01_39_08_368334601  2601.000 18 12
2013_01_13_01_39_09_456812758  2601.000 12 12
2013_01_13_01_39_09_835889437  2601.000 16 8
2013_01_13_01_39_20_174207336  2601.000 18 10
2013_01_13_01_39_24_875494945  2601.000 12 10
2013_01_13_01_39_25_539095804  2601.000 16 6
2013_01_13_01_39_32_246842768  2601.000 18 8
2013_01_13_01_39_40_889888828  2601.000 12 8
2013_01_13_01_39_42_381002283  2601.000 16 4
2013_01_13_01_39_45_496174840  2601.000 18 6
2013_01_13_01_39_58_100733516  2601.000 12 6
2013_01_13_01_39_59_482790345  2601.000 18 4
2013_01_13_01_40_02_079604919  2601.000 18 16
2013_01_13_01_40_15_647437944  2601.000 20 16
2013_01_13_01_40_17_035011524  2601.000 12 4
2013_01_13_01_40_19_207676777  2601.000 18 14
2013_01_13_01_40_30_625522918  2601.000 18 12
2013_01_13_01_40_31_195401115  2601.000 20 14
2013_01_13_01_40_39_251892588  2601.000 14 16
2013_01_13_01_40_42_192026629  2601.000 20 12
2013_01_13_01_40_42_895317286  2601.000 18 10
2013_01_13_01_40_52_534528749  2601.000 14 14
2013_01_13_01_40_53_414523431  2601.000 20 10
2013_01_13_01_40_54_014517622  2601.000 18 8
2013_01_13_01_41_05_046887707  2601.000 20 8
2013_01_13_01_41_05_587162053  2601.000 14 12
2013_01_13_01_41_07_541621402  2601.000 18 6
2013_01_13_01_41_17_707190352  2601.000 20 6
2013_01_13_01_41_19_304583674  2601.000 14 10
2013_01_13_01_41_21_078529357  2601.000 18 4
2013_01_13_01_41_31_216520558  2601.000 20 4
2013_01_13_01_41_33_646607173  2601.000 14 8
2013_01_13_01_41_36_392881989  2601.000 20 16
2013_01_13_01_41_47_077151066  2601.000 22 16
2013_01_13_01_41_48_887094193  2601.000 14 6
2013_01_13_01_41_53_323846551  2601.000 20 14
2013_01_13_01_42_02_581421079  2601.000 22 14
2013_01_13_01_42_04_655282138  2601.000 14 4
2013_01_13_01_42_04_969407411  2601.000 20 12
2013_01_13_01_42_13_892771116  2601.000 22 12
2013_01_13_01_42_16_747410684  2601.000 20 10
2013_01_13_01_42_23_282322904  2601.000 16 16
2013_01_13_01_42_25_910605103  2601.000 22 10
2013_01_13_01_42_28_671162260  2601.000 20 8
2013_01_13_01_42_36_235411701  2601.000 16 14
2013_01_13_01_42_37_824574426  2601.000 22 8
2013_01_13_01_42_41_219798293  2601.000 20 6
2013_01_13_01_42_49_591309732  2601.000 16 12
2013_01_13_01_42_50_662964460  2601.000 22 6
2013_01_13_01_42_55_164518737  2601.000 20 4
2013_01_13_01_43_03_313461996  2601.000 16 10
2013_01_13_01_43_04_110079824  2601.000 22 4
2013_01_13_01_43_10_359319493  2601.000 22 16
2013_01_13_01_43_17_264274909  2601.000 16 8
2013_01_13_01_43_19_156695653  2601.000 24 16
2013_01_13_01_43_26_043482431  2601.000 22 14
2013_01_13_01_43_32_566272456  2601.000 16 6
2013_01_13_01_43_33_838902455  2601.000 24 14
2013_01_13_01_43_39_617676610  2601.000 22 12
2013_01_13_01_43_44_436881008  2601.000 24 12
2013_01_13_01_43_48_996670775  2601.000 16 4
2013_01_13_01_43_51_565703138  2601.000 22 10
2013_01_13_01_43_55_329830903  2601.000 24 10
2013_01_13_01_44_03_222344183  2601.000 22 8
2013_01_13_01_44_06_511935296  2601.000 24 8
2013_01_13_01_44_08_132151805  2601.000 18 16
2013_01_13_01_44_15_601736295  2601.000 22 6
2013_01_13_01_44_18_482341947  2601.000 24 6
2013_01_13_01_44_24_451852020  2601.000 18 14
2013_01_13_01_44_29_079289180  2601.000 22 4
2013_01_13_01_44_31_518785853  2601.000 24 4
2013_01_13_01_44_36_242861416  2601.000 18 12
2013_01_13_01_44_44_536897376  2601.000 24 16
2013_01_13_01_44_46_101054567  2601.000 26 16
2013_01_13_01_44_48_110407171  2601.000 18 10
2013_01_13_01_44_59_655357364  2601.000 24 14
2013_01_13_01_45_00_230952797  2601.000 18 8
2013_01_13_01_45_01_410266310  2601.000 26 14
2013_01_13_01_45_11_230864201  2601.000 24 12
2013_01_13_01_45_12_539114378  2601.000 26 12
2013_01_13_01_45_13_265875725  2601.000 18 6
2013_01_13_01_45_22_768572431  2601.000 24 10
2013_01_13_01_45_23_940660844  2601.000 26 10
2013_01_13_01_45_27_200566440  2601.000 18 4
2013_01_13_01_45_33_848784535  2601.000 24 8
2013_01_13_01_45_35_386728314  2601.000 26 8
2013_01_13_01_45_43_319834698  2601.000 20 16
2013_01_13_01_45_45_811191719  2601.000 24 6
2013_01_13_01_45_46_621922628  2601.000 26 6
2013_01_13_01_45_58_126368494  2601.000 24 4
2013_01_13_01_45_59_379988257  2601.000 26 4
2013_01_13_01_45_59_709520001  2601.000 20 14
2013_01_13_01_46_12_248337889  2601.000 20 12
2013_01_13_01_46_13_033517369  2601.000 26 16
2013_01_13_01_46_13_440331875  2601.000 28 16
2013_01_13_01_46_24_111982023  2601.000 20 10
2013_01_13_01_46_26_989244288  2601.000 28 14
2013_01_13_01_46_28_555506818  2601.000 26 14
2013_01_13_01_46_36_807571728  2601.000 28 12
2013_01_13_01_46_36_872257650  2601.000 20 8
2013_01_13_01_46_38_691103567  2601.000 26 12
2013_01_13_01_46_46_894987282  2601.000 28 10
2013_01_13_01_46_48_812235429  2601.000 26 10
2013_01_13_01_46_50_180437018  2601.000 20 6
2013_01_13_01_46_57_035478014  2601.000 28 8
2013_01_13_01_46_59_222490853  2601.000 26 8
2013_01_13_01_47_04_389613624  2601.000 20 4
2013_01_13_01_47_08_459132137  2601.000 28 6
2013_01_13_01_47_10_249514452  2601.000 26 6
2013_01_13_01_47_19_762035071  2601.000 28 4
2013_01_13_01_47_21_030417943  2601.000 22 16
2013_01_13_01_47_21_867254619  2601.000 26 4
2013_01_13_01_47_32_444803709  2601.000 30 16
2013_01_13_01_47_34_876698011  2601.000 28 16
2013_01_13_01_47_35_282935503  2601.000 22 14
2013_01_13_01_47_45_268405544  2601.000 30 14
2013_01_13_01_47_46_222339098  2601.000 22 12
2013_01_13_01_47_49_085465032  2601.000 28 14
2013_01_13_01_47_54_734945980  2601.000 30 12
2013_01_13_01_47_57_238277067  2601.000 22 10
2013_01_13_01_47_59_242685508  2601.000 28 12
2013_01_13_01_48_05_118220544  2601.000 30 10
2013_01_13_01_48_09_100649239  2601.000 22 8
2013_01_13_01_48_09_510654145  2601.000 28 10
2013_01_13_01_48_14_855607018  2601.000 30 8
2013_01_13_01_48_20_314567182  2601.000 28 8
2013_01_13_01_48_21_088233404  2601.000 22 6
2013_01_13_01_48_25_739764883  2601.000 30 6
2013_01_13_01_48_31_572111248  2601.000 28 6
2013_01_13_01_48_34_385041870  2601.000 22 4
2013_01_13_01_48_36_658585001  2601.000 30 4
2013_01_13_01_48_43_926331111  2601.000 28 4
2013_01_13_01_48_48_469891683  2601.000 32 16
2013_01_13_01_48_48_703176841  2601.000 24 16
2013_01_13_01_48_57_306289922  2601.000 30 16
2013_01_13_01_49_02_244177040  2601.000 32 14
2013_01_13_01_49_03_421862852  2601.000 24 14
2013_01_13_01_49_10_820997299  2601.000 30 14
2013_01_13_01_49_12_739968251  2601.000 32 12
2013_01_13_01_49_14_228748510  2601.000 24 12
2013_01_13_01_49_22_385965203  2601.000 30 12
2013_01_13_01_49_23_323273063  2601.000 32 10
2013_01_13_01_49_25_679957329  2601.000 24 10
2013_01_13_01_49_32_281668504  2601.000 30 10
2013_01_13_01_49_34_098327392  2601.000 32 8
2013_01_13_01_49_36_957674248  2601.000 24 8
2013_01_13_01_49_42_120558595  2601.000 30 8
2013_01_13_01_49_45_327353438  2601.000 32 6
2013_01_13_01_49_49_025107028  2601.000 24 6
2013_01_13_01_49_52_512403268  2601.000 30 6
2013_01_13_01_49_57_075310592  2601.000 32 4
2013_01_13_01_50_01_734394113  2601.000 24 4
2013_01_13_01_50_03_292468018  2601.000 30 4
2013_01_13_01_50_15_341306813  2601.000 32 16
2013_01_13_01_50_16_210579489  2601.000 26 16
2013_01_13_01_50_28_465510208  2601.000 32 14
2013_01_13_01_50_29_559539884  2601.000 26 14
2013_01_13_01_50_39_161251769  2601.000 32 12
2013_01_13_01_50_39_634081118  2601.000 26 12
2013_01_13_01_50_49_537960274  2601.000 32 10
2013_01_13_01_50_49_837664690  2601.000 26 10
2013_01_13_01_51_00_094526810  2601.000 32 8
2013_01_13_01_51_00_177604142  2601.000 26 8
2013_01_13_01_51_11_055349860  2601.000 26 6
2013_01_13_01_51_11_100061047  2601.000 32 6
2013_01_13_01_51_22_633881434  2601.000 32 4
2013_01_13_01_51_22_634997496  2601.000 26 4
2013_01_13_01_51_35_178320760  2601.000 8 16
2013_01_13_01_51_35_566790310  2601.000 28 16
2013_01_13_01_51_52_159052998  2601.000 28 14
2013_01_13_01_51_59_667082554  2601.000 8 14
2013_01_13_01_52_02_572355228  2601.000 28 12
2013_01_13_01_52_13_469846686  2601.000 28 10
2013_01_13_01_52_24_129011693  2601.000 28 8
2013_01_13_01_52_26_134505106  2601.000 8 12
2013_01_13_01_52_35_421281894  2601.000 28 6
2013_01_13_01_52_47_271107289  2601.000 28 4
2013_01_13_01_52_53_448989331  2601.000 8 10
2013_01_13_01_53_00_481415298  2601.000 30 16
2013_01_13_01_53_13_640729331  2601.000 30 14
2013_01_13_01_53_21_927899018  2601.000 8 8
2013_01_13_01_53_23_210839985  2601.000 30 12
2013_01_13_01_53_33_125941783  2601.000 30 10
2013_01_13_01_53_43_264597530  2601.000 30 8
2013_01_13_01_53_53_914844392  2601.000 30 6
2013_01_13_01_53_54_163204611  2601.000 8 6
2013_01_13_01_54_04_942096696  2601.000 30 4
2013_01_13_01_54_17_542265882  2601.000 32 16
2013_01_13_01_54_30_319554846  2601.000 8 4
2013_01_13_01_54_33_842407797  2601.000 32 14
2013_01_13_01_54_44_383542724  2601.000 32 12
2013_01_13_01_54_55_193763941  2601.000 32 10
2013_01_13_01_55_06_213870841  2601.000 32 8
2013_01_13_01_55_15_891077733  2601.000 10 16
2013_01_13_01_55_17_699405011  2601.000 32 6
2013_01_13_01_55_29_039749753  2601.000 32 4
2013_01_13_01_55_29_300441291  2601.000 10 14
2013_01_13_01_55_43_143542641  2601.000 10 12
2013_01_13_01_55_57_584760967  2601.000 10 10
2013_01_13_01_56_12_177123629  2601.000 10 8
2013_01_13_01_56_28_426304803  2601.000 10 6
2013_01_13_01_56_46_239679829  2601.000 10 4
2013_01_13_01_57_07_862853023  2601.000 12 16
2013_01_13_01_57_22_008557147  2601.000 12 14
2013_01_13_01_57_36_432694174  2601.000 12 12
2013_01_13_01_57_52_024293421  2601.000 12 10
2013_01_13_01_58_07_442685374  2601.000 12 8
2013_01_13_01_58_24_232035253  2601.000 12 6
2013_01_13_01_58_42_868309099  2601.000 12 4
2013_01_13_01_59_05_172020077  2601.000 14 16
2013_01_13_01_59_17_916460426  2601.000 14 14
2013_01_13_01_59_29_857015590  2601.000 14 12
2013_01_13_01_59_42_477189017  2601.000 14 10
2013_01_13_01_59_55_012327543  2601.000 14 8
2013_01_13_02_00_08_458479023  2601.000 14 6
2013_01_13_02_00_24_399983333  2601.000 14 4
2013_01_13_02_00_43_101653440  2601.000 16 16
2013_01_13_02_00_55_065312709  2601.000 16 14
2013_01_13_02_01_07_784545428  2601.000 16 12
2013_01_13_02_01_20_802481907  2601.000 16 10
2013_01_13_02_01_34_120398388  2601.000 16 8
2013_01_13_02_01_48_450048050  2601.000 16 6
2013_01_13_02_02_04_274083672  2601.000 16 4
2013_01_13_02_02_22_923502926  2601.000 18 16
2013_01_13_02_02_39_298841317  2601.000 18 14
2013_01_13_02_02_50_104663130  2601.000 18 12
2013_01_13_02_03_01_732916910  2601.000 18 10
2013_01_13_02_03_13_948409159  2601.000 18 8
2013_01_13_02_03_27_477784229  2601.000 18 6
2013_01_13_02_03_41_719854764  2601.000 18 4
2013_01_13_02_03_57_927837110  2601.000 20 16
2013_01_13_02_04_13_836977284  2601.000 20 14
2013_01_13_02_04_25_128194144  2601.000 20 12
2013_01_13_02_04_36_568024472  2601.000 20 10
2013_01_13_02_04_48_408538075  2601.000 20 8
2013_01_13_02_05_00_761661970  2601.000 20 6
2013_01_13_02_05_14_515973326  2601.000 20 4
2013_01_13_02_05_29_746672483  2601.000 22 16
2013_01_13_02_05_44_388395347  2601.000 22 14
2013_01_13_02_05_55_887025770  2601.000 22 12
2013_01_13_02_06_07_910895205  2601.000 22 10
2013_01_13_02_06_20_080404549  2601.000 22 8
2013_01_13_02_06_32_820383125  2601.000 22 6
2013_01_13_02_06_45_317709641  2601.000 22 4
2013_01_13_02_07_00_368346166  2601.000 24 16
2013_01_13_02_07_15_353542594  2601.000 24 14
2013_01_13_02_07_26_105649076  2601.000 24 12
2013_01_13_02_07_36_990000997  2601.000 24 10
2013_01_13_02_07_48_172964161  2601.000 24 8
2013_01_13_02_08_00_173582587  2601.000 24 6
2013_01_13_02_08_12_626902951  2601.000 24 4
2013_01_13_02_08_27_303959098  2601.000 26 16
2013_01_13_02_08_40_448175055  2601.000 26 14
2013_01_13_02_08_50_360348752  2601.000 26 12
2013_01_13_02_09_00_558224185  2601.000 26 10
2013_01_13_02_09_10_745819295  2601.000 26 8
2013_01_13_02_09_21_693368810  2601.000 26 6
2013_01_13_02_09_33_220064869  2601.000 26 4
2013_01_13_02_09_46_254414979  2601.000 28 16
2013_01_13_02_09_59_794946199  2601.000 28 14
2013_01_13_02_10_09_940101875  2601.000 28 12
2013_01_13_02_10_20_758402710  2601.000 28 10
2013_01_13_02_10_31_360024975  2601.000 28 8
2013_01_13_02_10_42_808436030  2601.000 28 6
2013_01_13_02_10_54_566511431  2601.000 28 4
2013_01_13_02_11_07_744304544  2601.000 30 16
2013_01_13_02_11_20_494815934  2601.000 30 14
2013_01_13_02_11_30_355985043  2601.000 30 12
2013_01_13_02_11_40_114061590  2601.000 30 10
2013_01_13_02_11_50_032572868  2601.000 30 8
2013_01_13_02_12_00_364963409  2601.000 30 6
2013_01_13_02_12_11_317292440  2601.000 30 4
2013_01_13_02_12_23_370950950  2601.000 32 16
2013_01_13_02_12_36_250098242  2601.000 32 14
2013_01_13_02_12_46_328012124  2601.000 32 12
2013_01_13_02_12_56_466199411  2601.000 32 10
2013_01_13_02_13_06_488801685  2601.000 32 8
2013_01_13_02_13_17_306759707  2601.000 32 6
2013_01_13_02_13_28_659578667  2601.000 32 4
2013_01_13_02_13_41_474937897  2601.000 8 16
2013_01_13_02_14_06_830569141  2601.000 8 14
2013_01_13_02_14_33_152093668  2601.000 8 12
2013_01_13_02_15_00_688106531  2601.000 8 10
2013_01_13_02_15_29_011594660  2601.000 8 8
2013_01_13_02_16_01_377311429  2601.000 8 6
2013_01_13_02_16_37_347410081  2601.000 8 4
2013_01_13_02_17_23_329448156  2601.000 10 16
2013_01_13_02_17_36_736104401  2601.000 10 14
2013_01_13_02_17_50_568173316  2601.000 10 12
2013_01_13_02_18_04_924505765  2601.000 10 10
2013_01_13_02_18_19_506851998  2601.000 10 8
2013_01_13_02_18_35_713396935  2601.000 10 6
2013_01_13_02_18_53_535588481  2601.000 10 4
2013_01_13_02_19_15_128077378  2601.000 12 16
2013_01_13_02_19_29_308458237  2601.000 12 14
2013_01_13_02_19_43_363726847  2601.000 12 12
2013_01_13_02_19_57_999653572  2601.000 12 10
2013_01_13_02_20_13_355247031  2601.000 12 8
2013_01_13_02_20_30_213409075  2601.000 12 6
2013_01_13_02_20_48_458848364  2601.000 12 4
2013_01_13_02_21_10_888514061  2601.000 14 16
2013_01_13_02_21_22_915839792  2601.000 14 14
2013_01_13_02_21_34_990000935  2601.000 14 12
2013_01_13_02_21_47_657121786  2601.000 14 10
2013_01_13_02_22_00_248056506  2601.000 14 8
2013_01_13_02_22_13_930261562  2601.000 14 6
2013_01_13_02_22_28_746952741  2601.000 14 4
2013_01_13_02_22_47_386941547  2601.000 16 16
2013_01_13_02_22_59_925032504  2601.000 16 14
2013_01_13_02_23_12_522913888  2601.000 16 12
2013_01_13_02_23_25_449681013  2601.000 16 10
2013_01_13_02_23_38_916269309  2601.000 16 8
2013_01_13_02_23_53_140465837  2601.000 16 6
2013_01_13_02_24_08_660342948  2601.000 16 4
2013_01_13_02_24_27_115888914  2601.000 18 16
2013_01_13_02_24_43_792947088  2601.000 18 14
2013_01_13_02_24_55_246922829  2601.000 18 12
2013_01_13_02_25_07_111505938  2601.000 18 10
2013_01_13_02_25_18_983438737  2601.000 18 8
2013_01_13_02_25_31_706003343  2601.000 18 6
2013_01_13_02_25_45_895547151  2601.000 18 4
2013_01_13_02_26_02_246593550  2601.000 20 16
2013_01_13_02_26_19_526635029  2601.000 20 14
2013_01_13_02_26_30_595668792  2601.000 20 12
2013_01_13_02_26_41_683366013  2601.000 20 10
2013_01_13_02_26_52_857949532  2601.000 20 8
2013_01_13_02_27_04_956470340  2601.000 20 6
2013_01_13_02_27_18_106202104  2601.000 20 4
2013_01_13_02_27_33_547991597  2601.000 22 16
2013_01_13_02_27_48_485931150  2601.000 22 14
2013_01_13_02_28_00_374620975  2601.000 22 12
2013_01_13_02_28_12_377022745  2601.000 22 10
2013_01_13_02_28_23_697766477  2601.000 22 8
2013_01_13_02_28_36_609373091  2601.000 22 6
2013_01_13_02_28_49_933846277  2601.000 22 4
2013_01_13_02_29_04_444470881  2601.000 24 16
2013_01_13_02_29_19_653630983  2601.000 24 14
2013_01_13_02_29_30_626780674  2601.000 24 12
2013_01_13_02_29_41_444372336  2601.000 24 10
2013_01_13_02_29_52_828968867  2601.000 24 8
2013_01_13_02_30_04_894032355  2601.000 24 6
2013_01_13_02_30_17_628995049  2601.000 24 4
2013_01_13_02_30_31_727760219  2601.000 26 16
2013_01_13_02_30_45_016447830  2601.000 26 14
2013_01_13_02_30_55_089152211  2601.000 26 12
2013_01_13_02_31_05_097842262  2601.000 26 10
2013_01_13_02_31_15_148308269  2601.000 26 8
2013_01_13_02_31_26_401526400  2601.000 26 6
2013_01_13_02_31_37_704581256  2601.000 26 4
2013_01_13_02_31_50_756443898  2601.000 28 16
2013_01_13_02_32_04_406647585  2601.000 28 14
2013_01_13_02_32_15_066724081  2601.000 28 12
2013_01_13_02_32_25_546287826  2601.000 28 10
2013_01_13_02_32_36_215920517  2601.000 28 8
2013_01_13_02_32_47_604230397  2601.000 28 6
2013_01_13_02_32_59_492301061  2601.000 28 4
2013_01_13_02_33_13_101065029  2601.000 30 16
2013_01_13_02_33_25_639852506  2601.000 30 14
2013_01_13_02_33_34_861197493  2601.000 30 12
2013_01_13_02_33_44_657994220  2601.000 30 10
2013_01_13_02_33_54_317200349  2601.000 30 8
2013_01_13_02_34_04_776189496  2601.000 30 6
2013_01_13_02_34_14_953590169  2601.000 30 4
2013_01_13_02_34_26_664567860  2601.000 32 16
2013_01_13_02_34_39_746588484  2601.000 32 14
2013_01_13_02_34_49_832546759  2601.000 32 12
2013_01_13_02_35_00_064822859  2601.000 32 10
2013_01_13_02_35_10_380742695  2601.000 32 8
2013_01_13_02_35_21_215458586  2601.000 32 6
2013_01_13_02_35_32_496863109  2601.000 32 4
