2012_11_14_18_06_48_166862777  2601.000 8 16
2012_11_19_11_33_50_486777018  2601.000 8 16
2012_11_19_11_34_21_237786182  2601.000 8 14
2012_11_19_11_34_50_013356561  2601.000 8 12
2012_11_19_11_35_22_998628673  2601.000 8 10
2012_11_19_11_35_57_515219970  2601.000 8 8
2012_11_19_11_36_37_418677241  2601.000 8 6
2012_11_19_11_37_22_826403910  2601.000 8 4
2012_11_19_11_38_18_765288128  2601.000 16 16
2012_11_19_11_38_57_891272750  2601.000 16 14
2012_11_19_11_39_35_653805326  2601.000 16 12
2012_11_19_11_40_12_090551946  2601.000 16 10
2012_11_19_11_40_49_012559255  2601.000 16 8
2012_11_19_11_41_27_412518320  2601.000 16 6
2012_11_19_11_42_05_814967022  2601.000 16 4
2012_11_19_11_42_51_121223656  2601.000 32 16
2012_11_19_11_43_47_511324027  2601.000 32 14
2012_11_19_11_44_40_244712109  2601.000 32 12
2012_11_19_11_45_33_657851756  2601.000 32 10
2012_11_19_11_46_28_074130029  2601.000 32 8
2012_11_19_11_47_22_836743169  2601.000 32 6
2012_11_19_11_48_18_738507282  2601.000 32 4
2012_11_19_11_49_16_145327996  2601.000 8 16
2012_11_19_11_49_44_278868143  2601.000 8 14
2012_11_19_11_50_12_944803594  2601.000 8 12
2012_11_19_11_50_44_638999943  2601.000 8 10
2012_11_19_11_51_15_779933601  2601.000 8 8
2012_11_19_11_51_49_830077791  2601.000 8 6
2012_11_19_11_52_29_299140071  2601.000 8 4
2012_11_19_11_53_21_275713017  2601.000 16 16
2012_11_19_11_53_40_132715876  2601.000 16 14
2012_11_19_11_53_58_355323950  2601.000 16 12
2012_11_19_11_54_18_087322200  2601.000 16 10
2012_11_19_11_54_38_998032250  2601.000 16 8
2012_11_19_11_54_59_607929457  2601.000 16 6
2012_11_19_11_55_23_203457897  2601.000 16 4
2012_11_19_11_55_52_870050445  2601.000 32 16
2012_11_19_11_56_07_276722988  2601.000 32 14
2012_11_19_11_56_21_029942856  2601.000 32 12
2012_11_19_11_56_35_276602197  2601.000 32 10
2012_11_19_11_56_49_303706094  2601.000 32 8
2012_11_19_11_57_03_946695129  2601.000 32 6
2012_11_19_11_57_19_852685795  2601.000 32 4
2012_11_19_11_57_38_688502852  2601.000 8 16
2012_11_19_11_58_02_434937598  2601.000 8 14
2012_11_19_11_58_27_134749234  2601.000 8 12
2012_11_19_11_58_55_002604058  2601.000 8 10
2012_11_19_11_59_22_700255420  2601.000 8 8
2012_11_19_11_59_55_744253097  2601.000 8 6
2012_11_19_12_00_34_057484004  2601.000 8 4
2012_11_19_12_01_25_669856587  2601.000 16 16
2012_11_19_12_01_44_153027236  2601.000 16 14
2012_11_19_12_02_01_222070989  2601.000 16 12
2012_11_19_12_02_19_217047579  2601.000 16 10
2012_11_19_12_02_37_040326833  2601.000 16 8
2012_11_19_12_02_57_142194812  2601.000 16 6
2012_11_19_12_03_19_496533706  2601.000 16 4
2012_11_19_12_03_48_988752941  2601.000 32 16
2012_11_19_12_04_05_380875566  2601.000 32 14
2012_11_19_12_04_18_006629216  2601.000 32 12
2012_11_19_12_04_31_196231766  2601.000 32 10
2012_11_19_12_04_44_322391268  2601.000 32 8
2012_11_19_12_04_58_965934155  2601.000 32 6
2012_11_19_12_05_15_359870848  2601.000 32 4
2012_11_19_12_05_34_261783478  2601.000 8 16
2012_11_19_12_05_56_804056312  2601.000 8 14
2012_11_19_12_06_19_734296441  2601.000 8 12
2012_11_19_12_06_45_783119822  2601.000 8 10
2012_11_19_12_07_14_031285682  2601.000 8 8
2012_11_19_12_07_47_261318399  2601.000 8 6
2012_11_19_12_08_25_461707064  2601.000 8 4
2012_11_19_12_09_17_431893733  2601.000 16 16
2012_11_19_12_09_34_764863211  2601.000 16 14
2012_11_19_12_09_50_108937200  2601.000 16 12
2012_11_19_12_10_07_325831432  2601.000 16 10
2012_11_19_12_10_25_606261567  2601.000 16 8
2012_11_19_12_10_45_019000924  2601.000 16 6
2012_11_19_12_11_08_323159670  2601.000 16 4
2012_11_19_12_11_38_009570065  2601.000 32 16
2012_11_19_12_11_50_791981610  2601.000 32 14
2012_11_19_12_12_03_855108879  2601.000 32 12
2012_11_19_12_12_17_158515745  2601.000 32 10
2012_11_19_12_12_30_258114241  2601.000 32 8
2012_11_19_12_12_44_618575888  2601.000 32 6
2012_11_19_12_13_00_466896739  2601.000 32 4
2012_11_19_12_13_19_342919527  2601.000 8 16
2012_11_19_12_13_42_818622947  2601.000 8 14
2012_11_19_12_14_06_383985447  2601.000 8 12
2012_11_19_12_14_33_180291922  2601.000 8 10
2012_11_19_12_15_01_217128155  2601.000 8 8
2012_11_19_12_15_34_258211289  2601.000 8 6
2012_11_19_12_16_13_582961378  2601.000 8 4
2012_11_19_12_17_04_541243792  2601.000 16 16
2012_11_19_12_17_20_834757056  2601.000 16 14
2012_11_19_12_17_36_368646261  2601.000 16 12
2012_11_19_12_17_53_490459891  2601.000 16 10
2012_11_19_12_18_11_263230124  2601.000 16 8
2012_11_19_12_18_31_647193314  2601.000 16 6
2012_11_19_12_18_55_064983551  2601.000 16 4
2012_11_19_12_19_25_030036756  2601.000 32 16
2012_11_19_12_19_38_566867728  2601.000 32 14
2012_11_19_12_19_50_982306567  2601.000 32 12
2012_11_19_12_20_04_096921723  2601.000 32 10
2012_11_19_12_20_17_324678467  2601.000 32 8
2012_11_19_12_20_31_625866674  2601.000 32 6
2012_11_19_12_20_47_623383480  2601.000 32 4
