2013_01_12_05_17_17_344458110  2601.000  1  8 16
2013_01_12_05_19_36_579660383  2601.000  1  8 14
2013_01_12_05_21_45_744607420  2601.000  1  8 12
2013_01_12_05_24_04_244751687  2601.000  1  8 10
2013_01_12_05_26_41_539678066  2601.000  1  8 8
2013_01_12_05_29_42_879427210  2601.000  1  8 6
2013_01_12_05_33_26_890762588  2601.000  1  8 4
2013_01_12_05_38_37_895875920  2601.000  1  10 16
2013_01_12_05_40_30_787812243  2601.000  1  10 14
2013_01_12_05_42_13_769185827  2601.000  1  10 12
2013_01_12_05_44_05_545013986  2601.000  1  10 10
2013_01_12_05_46_11_673903973  2601.000  1  10 8
2013_01_12_05_48_37_925556771  2601.000  1  10 6
2013_01_12_05_51_39_198652088  2601.000  1  10 4
2013_01_12_05_55_45_599134118  2601.000  1  12 16
2013_01_12_05_57_22_541206131  2601.000  0 12 14
2013_01_12_05_58_49_466738725  2601.000  0 12 12
2013_01_12_06_00_22_815181097  2601.000  1  12 10
2013_01_12_06_02_09_722458157  2601.000  1  12 8
2013_01_12_06_02_17_801892104  2601.000  0 8 16
2013_01_12_06_04_12_897933774  2601.000  0 12 6
2013_01_12_06_04_18_421072548  2601.000  0 8 14
2013_01_12_06_06_27_546727978  2601.000  0 8 12
2013_01_12_06_06_44_348287232  2601.000  0 12 4
2013_01_12_06_08_44_583388090  2601.000  0 8 10
2013_01_12_06_10_11_854137667  2601.000  0 14 16
2013_01_12_06_11_19_868645174  2601.000  0 8 8
2013_01_12_06_11_34_771822730  2601.000  0 14 14
2013_01_12_06_12_49_823301652  2601.000  0 14 12
2013_01_12_06_14_10_968913701  2601.000  0 14 10
2013_01_12_06_14_21_375540626  2601.000  0 8 6
2013_01_12_06_15_42_016938219  2601.000  0 14 8
2013_01_12_06_17_27_385271044  2601.000  0 14 6
2013_01_12_06_18_05_102149020  2601.000  0 8 4
2013_01_12_06_19_37_282190499  2601.000  0 14 4
2013_01_12_06_22_35_841542344  2601.000  0 16 16
2013_01_12_06_23_09_936053551  2601.000  0 10 16
2013_01_12_06_23_50_828389756  2601.000  0 16 14
2013_01_12_06_24_47_020508662  2601.000  0 10 14
2013_01_12_06_24_57_790708784  2601.000  0 16 12
2013_01_12_06_26_09_314404271  2601.000  0 16 10
2013_01_12_06_26_30_378528884  2601.000  0 10 12
2013_01_12_06_27_31_390615362  2601.000  0 16 8
2013_01_12_06_28_21_699691246  2601.000  0 10 10
2013_01_12_06_29_04_984743211  2601.000  0 16 6
2013_01_12_06_30_26_932370821  2601.000  0 10 8
2013_01_12_06_30_59_327709271  2601.000  0 16 4
2013_01_12_06_32_52_719527931  2601.000  0 10 6
2013_01_12_06_33_37_507151925  2601.000  0 18 16
2013_01_12_06_34_43_432166456  2601.000  0 18 14
2013_01_12_06_35_43_693376004  2601.000  0 18 12
2013_01_12_06_35_53_756352937  2601.000  0 10 4
2013_01_12_06_36_48_120414848  2601.000  0 18 10
2013_01_12_06_38_01_523905102  2601.000  0 18 8
2013_01_12_06_39_24_767784185  2601.000  0 18 6
2013_01_12_06_39_58_131074489  2601.000  0 12 16
2013_01_12_06_41_08_080693567  2601.000  0 18 4
2013_01_12_06_41_19_700182293  2601.000  0 12 14
2013_01_12_06_42_46_360791272  2601.000  0 12 12
2013_01_12_06_43_28_842215547  2601.000  0 20 16
2013_01_12_06_44_20_013581431  2601.000  0 12 10
2013_01_12_06_44_28_627307546  2601.000  0 20 14
2013_01_12_06_44_33_001020320  2601.000  0 8 16
2013_01_12_06_45_23_924959348  2601.000  0 20 12
2013_01_12_06_46_06_911625498  2601.000  0 12 8
2013_01_12_06_46_23_237453190  2601.000  20 10
2013_01_12_06_46_33_749654723  2601.000  8 14
2013_01_12_06_47_28_752477184  2601.000  20 8
2013_01_12_06_48_09_841703144  2601.000  12 6
2013_01_12_06_48_42_064599512  2601.000  8 12
2013_01_12_06_48_44_769794687  2601.000  20 6
2013_01_12_06_50_17_459007202  2601.000  20 4
2013_01_12_06_50_41_209678187  2601.000  12 4
2013_01_12_06_50_59_921187857  2601.000  8 10
2013_01_12_06_52_23_880661412  2601.000  22 16
2013_01_12_06_53_21_050822614  2601.000  22 14
2013_01_12_06_53_36_818152466  2601.000  8 8
2013_01_12_06_54_07_257166337  2601.000  14 16
2013_01_12_06_54_11_383313725  2601.000  22 12
2013_01_12_06_55_06_313915951  2601.000  22 10
2013_01_12_06_55_17_763176161  2601.000  14 14
2013_01_12_06_56_07_912277453  2601.000  22 8
2013_01_12_06_56_32_970103620  2601.000  14 12
2013_01_12_06_56_37_741926771  2601.000  8 6
2013_01_12_06_57_17_910733943  2601.000  22 6
2013_01_12_06_57_53_564139601  2601.000  14 10
2013_01_12_06_58_44_085179390  2601.000  22 4
2013_01_12_06_59_25_609735152  2601.000  14 8
2013_01_12_07_00_22_302637160  2601.000  8 4
2013_01_12_07_00_41_140312271  2601.000  24 16
2013_01_12_07_01_11_695979728  2601.000  14 6
2013_01_12_07_01_32_384911882  2601.000  24 14
2013_01_12_07_02_19_115199900  2601.000  24 12
2013_01_12_07_03_09_181005204  2601.000  24 10
2013_01_12_07_03_22_816381341  2601.000  14 4
2013_01_12_07_04_05_821405985  2601.000  24 8
2013_01_12_07_05_09_372880335  2601.000  24 6
2013_01_12_07_05_27_853891406  2601.000  10 16
2013_01_12_07_06_20_434384413  2601.000  16 16
2013_01_12_07_06_27_733668533  2601.000  24 4
2013_01_12_07_07_04_670498139  2601.000  10 14
2013_01_12_07_07_24_672001856  2601.000  16 14
2013_01_12_07_08_15_204096658  2601.000  26 16
2013_01_12_07_08_32_307350422  2601.000  16 12
2013_01_12_07_08_47_025512936  2601.000  10 12
2013_01_12_07_09_02_924534772  2601.000  26 14
2013_01_12_07_09_44_405141155  2601.000  16 10
2013_01_12_07_09_46_640816925  2601.000  26 12
2013_01_12_07_10_33_784757993  2601.000  26 10
2013_01_12_07_10_39_057433471  2601.000  10 10
2013_01_12_07_11_06_703040530  2601.000  16 8
2013_01_12_07_11_26_355981968  2601.000  26 8
2013_01_12_07_12_26_578078751  2601.000  26 6
2013_01_12_07_12_41_816829349  2601.000  16 6
2013_01_12_07_12_45_334577348  2601.000  10 8
2013_01_12_07_13_39_839003555  2601.000  26 4
2013_01_12_07_14_37_981419423  2601.000  16 4
2013_01_12_07_15_11_468847493  2601.000  10 6
2013_01_12_07_15_19_717318659  2601.000  28 16
2013_01_12_07_16_06_693183090  2601.000  28 14
2013_01_12_07_16_48_381125512  2601.000  28 12
2013_01_12_07_17_15_760822131  2601.000  18 16
2013_01_12_07_17_33_755936548  2601.000  28 10
2013_01_12_07_18_12_221477958  2601.000  10 4
2013_01_12_07_18_12_457328641  2601.000  18 14
2013_01_12_07_18_24_399461976  2601.000  28 8
2013_01_12_07_19_12_478595882  2601.000  18 12
2013_01_12_07_19_21_654364041  2601.000  28 6
2013_01_12_07_20_16_255724799  2601.000  18 10
2013_01_12_07_20_30_948185058  2601.000  28 4
2013_01_12_07_21_29_066562044  2601.000  18 8
2013_01_12_07_22_04_914695357  2601.000  30 16
2013_01_12_07_22_16_776571797  2601.000  12 16
2013_01_12_07_22_48_074415402  2601.000  30 14
2013_01_12_07_22_51_625131161  2601.000  18 6
2013_01_12_07_23_27_043630783  2601.000  30 12
2013_01_12_07_23_37_086631621  2601.000  12 14
2013_01_12_07_24_07_918871573  2601.000  30 10
2013_01_12_07_24_33_431536953  2601.000  18 4
2013_01_12_07_24_54_822406557  2601.000  30 8
2013_01_12_07_25_03_333988544  2601.000  12 12
2013_01_12_07_25_48_217375495  2601.000  30 6
2013_01_12_07_26_35_466019739  2601.000  12 10
2013_01_12_07_26_52_183868914  2601.000  20 16
2013_01_12_07_26_53_095394004  2601.000  30 4
2013_01_12_07_27_44_150140515  2601.000  20 14
2013_01_12_07_28_20_968856237  2601.000  12 8
2013_01_12_07_28_21_176793618  2601.000  32 16
2013_01_12_07_28_39_819792648  2601.000  20 12
2013_01_12_07_29_03_171560969  2601.000  32 14
2013_01_12_07_29_39_420765581  2601.000  20 10
2013_01_12_07_29_40_903630649  2601.000  32 12
2013_01_12_07_30_20_922458990  2601.000  32 10
2013_01_12_07_30_23_055055883  2601.000  12 6
2013_01_12_07_30_45_444304840  2601.000  20 8
2013_01_12_07_31_05_358499189  2601.000  32 8
2013_01_12_07_31_56_541362064  2601.000  32 6
2013_01_12_07_32_02_280170294  2601.000  20 6
2013_01_12_07_32_53_550102074  2601.000  12 4
2013_01_12_07_32_57_846119341  2601.000  32 4
2013_01_12_07_33_36_367935740  2601.000  20 4
2013_01_12_07_34_21_110318430  2601.000  8 16
2013_01_12_07_35_42_436451699  2601.000  22 16
2013_01_12_07_36_17_991518193  2601.000  14 16
2013_01_12_07_36_30_943537049  2601.000  22 14
2013_01_12_07_37_21_624600074  2601.000  22 12
2013_01_12_07_37_27_967992637  2601.000  14 14
2013_01_12_07_37_47_040340993  2601.000  8 14
2013_01_12_07_38_17_135869128  2601.000  22 10
2013_01_12_07_38_42_381471772  2601.000  14 12
2013_01_12_07_39_18_698082141  2601.000  22 8
2013_01_12_07_40_02_942042390  2601.000  14 10
2013_01_12_07_40_28_556960589  2601.000  22 6
2013_01_12_07_40_37_499605223  2601.000  8 12
2013_01_12_07_41_33_990364828  2601.000  14 8
2013_01_12_07_41_55_298322069  2601.000  22 4
2013_01_12_07_43_19_972058054  2601.000  14 6
2013_01_12_07_43_34_357872355  2601.000  8 10
2013_01_12_07_43_51_352281032  2601.000  24 16
2013_01_12_07_44_35_900510369  2601.000  24 14
2013_01_12_07_45_22_921840618  2601.000  24 12
2013_01_12_07_45_30_304079721  2601.000  14 4
2013_01_12_07_46_13_179699902  2601.000  24 10
2013_01_12_07_46_41_770468121  2601.000  8 8
2013_01_12_07_47_10_231167866  2601.000  24 8
2013_01_12_07_48_14_965597135  2601.000  24 6
2013_01_12_07_48_26_095632274  2601.000  16 16
2013_01_12_07_49_29_914459058  2601.000  16 14
2013_01_12_07_49_33_940387338  2601.000  24 4
2013_01_12_07_50_20_250401204  2601.000  8 6
2013_01_12_07_50_37_117427545  2601.000  16 12
2013_01_12_07_51_20_197466752  2601.000  26 16
2013_01_12_07_51_48_893177826  2601.000  16 10
2013_01_12_07_52_01_592215225  2601.000  26 14
2013_01_12_07_52_45_520315224  2601.000  26 12
2013_01_12_07_53_10_873357168  2601.000  16 8
2013_01_12_07_53_32_683018004  2601.000  26 10
2013_01_12_07_54_25_495014404  2601.000  26 8
2013_01_12_07_54_45_071860582  2601.000  16 6
2013_01_12_07_54_49_873148401  2601.000  8 4
2013_01_12_07_55_25_791870043  2601.000  26 6
2013_01_12_07_56_39_509165793  2601.000  26 4
2013_01_12_07_56_40_604262636  2601.000  16 4
2013_01_12_07_58_17_791120019  2601.000  28 16
2013_01_12_07_58_57_419205273  2601.000  28 14
2013_01_12_07_59_16_794439864  2601.000  18 16
2013_01_12_07_59_37_730418000  2601.000  28 12
2013_01_12_08_00_12_906704620  2601.000  18 14
2013_01_12_08_00_21_899891225  2601.000  28 10
2013_01_12_08_01_11_921971593  2601.000  28 8
2013_01_12_08_01_12_447231091  2601.000  18 12
2013_01_12_08_01_15_064774571  2601.000  10 16
2013_01_12_08_02_08_355202921  2601.000  28 6
2013_01_12_08_02_15_680495067  2601.000  18 10
2013_01_12_08_03_16_810924779  2601.000  28 4
2013_01_12_08_03_27_975624375  2601.000  18 8
2013_01_12_08_04_00_659457310  2601.000  10 14
2013_01_12_08_04_49_426105975  2601.000  30 16
2013_01_12_08_04_50_186682027  2601.000  18 6
2013_01_12_08_05_27_461700540  2601.000  30 14
2013_01_12_08_06_07_249037119  2601.000  30 12
2013_01_12_08_06_15_904872917  2601.000  10 12
2013_01_12_08_06_32_156699594  2601.000  18 4
2013_01_12_08_06_48_432004450  2601.000  30 10
2013_01_12_08_07_35_986472121  2601.000  30 8
2013_01_12_08_08_29_738614289  2601.000  30 6
2013_01_12_08_08_37_805599169  2601.000  10 10
2013_01_12_08_08_49_662956370  2601.000  20 16
2013_01_12_08_09_35_016043126  2601.000  30 4
2013_01_12_08_09_41_718921482  2601.000  20 14
2013_01_12_08_10_37_265109520  2601.000  20 12
2013_01_12_08_11_01_288639682  2601.000  32 16
2013_01_12_08_11_07_207132145  2601.000  10 8
2013_01_12_08_11_36_587581195  2601.000  32 14
2013_01_12_08_11_36_938214922  2601.000  20 10
2013_01_12_08_12_12_827539127  2601.000  32 12
2013_01_12_08_12_43_230607911  2601.000  20 8
2013_01_12_08_12_52_270950703  2601.000  32 10
2013_01_12_08_13_35_432128468  2601.000  32 8
2013_01_12_08_14_00_527871894  2601.000  20 6
2013_01_12_08_14_01_112122267  2601.000  10 6
2013_01_12_08_14_25_867463287  2601.000  32 6
2013_01_12_08_15_26_282143500  2601.000  32 4
2013_01_12_08_15_33_947658127  2601.000  20 4
2013_01_12_08_16_47_615927335  2601.000  8 16
2013_01_12_08_17_37_557500711  2601.000  10 4
2013_01_12_08_17_40_715075073  2601.000  22 16
2013_01_12_08_18_29_097150261  2601.000  22 14
2013_01_12_08_19_19_305687526  2601.000  22 12
2013_01_12_08_19_31_919550045  2601.000  8 14
2013_01_12_08_20_14_269280934  2601.000  22 10
2013_01_12_08_21_15_303005034  2601.000  22 8
2013_01_12_08_22_19_986033211  2601.000  8 12
2013_01_12_08_22_24_726062934  2601.000  22 6
2013_01_12_08_22_43_455842224  2601.000  12 16
2013_01_12_08_23_50_734164732  2601.000  22 4
2013_01_12_08_25_01_847354250  2601.000  12 14
2013_01_12_08_25_15_507249816  2601.000  8 10
2013_01_12_08_25_45_898660425  2601.000  24 16
2013_01_12_08_26_36_893637934  2601.000  24 14
2013_01_12_08_26_56_799463388  2601.000  12 12
2013_01_12_08_27_23_059963921  2601.000  24 12
2013_01_12_08_28_12_738656833  2601.000  24 10
2013_01_12_08_28_23_431678086  2601.000  8 8
2013_01_12_08_28_56_478448646  2601.000  12 10
2013_01_12_08_29_09_078673836  2601.000  24 8
2013_01_12_08_30_13_483598002  2601.000  24 6
2013_01_12_08_31_04_263597014  2601.000  12 8
2013_01_12_08_31_32_094484399  2601.000  24 4
2013_01_12_08_32_01_496404309  2601.000  8 6
2013_01_12_08_33_19_440208132  2601.000  26 16
2013_01_12_08_33_32_093276641  2601.000  12 6
2013_01_12_08_34_06_360009868  2601.000  26 14
2013_01_12_08_34_49_656707855  2601.000  26 12
2013_01_12_08_35_37_032211040  2601.000  26 10
2013_01_12_08_36_29_131908468  2601.000  26 8
2013_01_12_08_36_30_977830642  2601.000  8 4
2013_01_12_08_36_34_301314156  2601.000  12 4
2013_01_12_08_37_28_878652386  2601.000  26 6
2013_01_12_08_38_42_316649836  2601.000  26 4
2013_01_12_08_40_21_660989063  2601.000  28 16
2013_01_12_08_40_51_415975570  2601.000  14 16
2013_01_12_08_41_07_561629053  2601.000  28 14
2013_01_12_08_41_48_231127509  2601.000  28 12
2013_01_12_08_42_32_447491625  2601.000  28 10
2013_01_12_08_42_51_264144531  2601.000  14 14
2013_01_12_08_42_53_317008072  2601.000  10 16
2013_01_12_08_43_22_304954465  2601.000  28 8
2013_01_12_08_44_18_813455486  2601.000  28 6
2013_01_12_08_44_29_719948468  2601.000  14 12
2013_01_12_08_45_06_078036172  2601.000  10 14
2013_01_12_08_45_27_236579680  2601.000  28 4
2013_01_12_08_46_12_170660996  2601.000  14 10
2013_01_12_08_47_00_519400596  2601.000  30 16
2013_01_12_08_47_21_315429091  2601.000  10 12
2013_01_12_08_47_43_516773771  2601.000  30 14
2013_01_12_08_48_01_017563330  2601.000  14 8
2013_01_12_08_48_22_786620532  2601.000  30 12
2013_01_12_08_49_04_673824774  2601.000  30 10
2013_01_12_08_49_42_940980124  2601.000  10 10
2013_01_12_08_49_51_913513064  2601.000  30 8
2013_01_12_08_50_07_374182235  2601.000  14 6
2013_01_12_08_50_46_218468243  2601.000  30 6
2013_01_12_08_51_51_522148459  2601.000  30 4
2013_01_12_08_52_13_097976539  2601.000  10 8
2013_01_12_08_52_43_772496943  2601.000  14 4
2013_01_12_08_53_19_805398728  2601.000  32 16
2013_01_12_08_54_01_405850990  2601.000  32 14
2013_01_12_08_54_38_684594840  2601.000  32 12
2013_01_12_08_55_08_015927643  2601.000  10 6
2013_01_12_08_55_18_310298612  2601.000  32 10
2013_01_12_08_56_01_964488970  2601.000  32 8
2013_01_12_08_56_24_134273021  2601.000  16 16
2013_01_12_08_56_52_742184597  2601.000  32 6
2013_01_12_08_57_53_559780540  2601.000  32 4
2013_01_12_08_58_10_463346019  2601.000  16 14
2013_01_12_08_58_45_066969229  2601.000  10 4
2013_01_12_08_59_16_075051700  2601.000  8 16
2013_01_12_08_59_37_134529773  2601.000  16 12
2013_01_12_09_01_07_573119034  2601.000  16 10
2013_01_12_09_02_02_330880636  2601.000  8 14
2013_01_12_09_02_44_637404685  2601.000  16 8
2013_01_12_09_03_51_955356636  2601.000  12 16
2013_01_12_09_04_36_864822576  2601.000  16 6
2013_01_12_09_04_52_581571064  2601.000  8 12
2013_01_12_09_05_42_184432928  2601.000  12 14
2013_01_12_09_06_54_955998754  2601.000  16 4
2013_01_12_09_07_34_660096721  2601.000  12 12
2013_01_12_09_07_49_557235611  2601.000  8 10
2013_01_12_09_09_31_911690885  2601.000  12 10
2013_01_12_09_10_09_160033008  2601.000  18 16
2013_01_12_09_11_00_412895547  2601.000  8 8
2013_01_12_09_11_39_420944468  2601.000  12 8
2013_01_12_09_11_44_400808315  2601.000  18 14
2013_01_12_09_13_03_420453295  2601.000  18 12
2013_01_12_09_14_06_482177374  2601.000  12 6
2013_01_12_09_14_25_110380171  2601.000  18 10
2013_01_12_09_14_39_683974504  2601.000  8 6
2013_01_12_09_15_52_145871463  2601.000  18 8
2013_01_12_09_17_08_334099305  2601.000  12 4
2013_01_12_09_17_32_801836305  2601.000  18 6
2013_01_12_09_19_12_789182877  2601.000  8 4
2013_01_12_09_19_36_832325571  2601.000  18 4
2013_01_12_09_21_24_431817367  2601.000  14 16
2013_01_12_09_22_30_475826014  2601.000  20 16
2013_01_12_09_22_59_954436002  2601.000  14 14
2013_01_12_09_23_54_261858009  2601.000  20 14
2013_01_12_09_24_36_237614451  2601.000  14 12
2013_01_12_09_25_05_125449582  2601.000  20 12
2013_01_12_09_25_35_580547428  2601.000  10 16
2013_01_12_09_26_17_600217164  2601.000  14 10
2013_01_12_09_26_19_230881231  2601.000  20 10
2013_01_12_09_27_36_587465678  2601.000  20 8
2013_01_12_09_27_49_039502154  2601.000  10 14
2013_01_12_09_28_06_428338611  2601.000  14 8
2013_01_12_09_29_07_250680373  2601.000  20 6
2013_01_12_09_30_06_894243355  2601.000  10 12
2013_01_12_09_30_13_361214657  2601.000  14 6
2013_01_12_09_30_59_916262181  2601.000  20 4
2013_01_12_09_32_28_033613651  2601.000  10 10
2013_01_12_09_32_50_412998431  2601.000  14 4
2013_01_12_09_33_36_445576905  2601.000  22 16
2013_01_12_09_34_55_908865828  2601.000  22 14
2013_01_12_09_34_58_217663193  2601.000  10 8
2013_01_12_09_36_01_418286489  2601.000  22 12
2013_01_12_09_36_31_723696667  2601.000  16 16
2013_01_12_09_37_10_593472094  2601.000  22 10
2013_01_12_09_37_52_318328343  2601.000  10 6
2013_01_12_09_37_57_479330866  2601.000  16 14
2013_01_12_09_38_23_466629700  2601.000  22 8
2013_01_12_09_39_22_973286242  2601.000  16 12
2013_01_12_09_39_46_581009941  2601.000  22 6
2013_01_12_09_40_52_988248144  2601.000  16 10
2013_01_12_09_41_29_763009722  2601.000  10 4
2013_01_12_09_41_30_003374399  2601.000  22 4
2013_01_12_09_42_29_130653434  2601.000  16 8
2013_01_12_09_43_53_731880763  2601.000  24 16
2013_01_12_09_44_20_548790031  2601.000  16 6
2013_01_12_09_45_06_799940464  2601.000  24 14
2013_01_12_09_46_07_800255017  2601.000  24 12
2013_01_12_09_46_35_368251217  2601.000  12 16
2013_01_12_09_46_38_815303254  2601.000  16 4
2013_01_12_09_47_10_957603973  2601.000  24 10
2013_01_12_09_48_18_541228536  2601.000  24 8
2013_01_12_09_48_28_141598291  2601.000  12 14
2013_01_12_09_49_35_566855188  2601.000  24 6
2013_01_12_09_49_53_813816146  2601.000  18 16
2013_01_12_09_50_24_381056914  2601.000  12 12
2013_01_12_09_51_09_429708401  2601.000  24 4
2013_01_12_09_51_09_542351679  2601.000  18 14
2013_01_12_09_52_24_150391678  2601.000  12 10
2013_01_12_09_52_27_187453705  2601.000  18 12
2013_01_12_09_53_22_182228818  2601.000  26 16
2013_01_12_09_53_47_306918750  2601.000  18 10
2013_01_12_09_54_28_542813352  2601.000  26 14
2013_01_12_09_54_32_487971020  2601.000  12 8
2013_01_12_09_55_14_270240712  2601.000  18 8
2013_01_12_09_55_25_022498130  2601.000  26 12
2013_01_12_09_56_24_606449057  2601.000  26 10
2013_01_12_09_56_53_083990804  2601.000  18 6
2013_01_12_09_56_59_425998309  2601.000  12 6
2013_01_12_09_57_26_854962590  2601.000  26 8
2013_01_12_09_58_38_602264459  2601.000  26 6
2013_01_12_09_58_55_865520023  2601.000  18 4
2013_01_12_10_00_00_914781597  2601.000  12 4
2013_01_12_10_00_06_684298801  2601.000  26 4
2013_01_12_10_01_48_646185025  2601.000  20 16
2013_01_12_10_02_08_394393556  2601.000  28 16
2013_01_12_10_02_57_273401802  2601.000  20 14
2013_01_12_10_03_11_989595621  2601.000  28 14
2013_01_12_10_04_03_404633623  2601.000  28 12
2013_01_12_10_04_08_379943145  2601.000  20 12
2013_01_12_10_04_17_874293253  2601.000  14 16
2013_01_12_10_04_58_062076930  2601.000  28 10
2013_01_12_10_05_22_670081054  2601.000  20 10
2013_01_12_10_05_54_597905818  2601.000  14 14
2013_01_12_10_05_56_921013770  2601.000  28 8
2013_01_12_10_06_40_560461492  2601.000  20 8
2013_01_12_10_07_03_267035331  2601.000  28 6
2013_01_12_10_07_33_912389316  2601.000  14 12
2013_01_12_10_08_11_320622166  2601.000  20 6
2013_01_12_10_08_24_315008774  2601.000  28 4
2013_01_12_10_09_17_057480421  2601.000  14 10
2013_01_12_10_10_03_493679210  2601.000  20 4
2013_01_12_10_10_18_725944526  2601.000  30 16
2013_01_12_10_11_07_350282301  2601.000  14 8
2013_01_12_10_11_19_159343231  2601.000  30 14
2013_01_12_10_12_08_603235698  2601.000  30 12
2013_01_12_10_12_41_004290527  2601.000  22 16
2013_01_12_10_12_59_838945822  2601.000  30 10
2013_01_12_10_13_15_040341597  2601.000  14 6
2013_01_12_10_13_45_309352822  2601.000  22 14
2013_01_12_10_13_55_071529937  2601.000  30 8
2013_01_12_10_14_50_135980279  2601.000  22 12
2013_01_12_10_14_58_347341611  2601.000  30 6
2013_01_12_10_15_52_729589688  2601.000  14 4
2013_01_12_10_15_58_634043455  2601.000  22 10
2013_01_12_10_16_16_168392619  2601.000  30 4
2013_01_12_10_17_11_189969077  2601.000  22 8
2013_01_12_10_18_03_124378581  2601.000  32 16
2013_01_12_10_18_34_261213659  2601.000  22 6
2013_01_12_10_19_00_619373427  2601.000  32 14
2013_01_12_10_19_34_346702729  2601.000  16 16
2013_01_12_10_19_47_656566296  2601.000  32 12
2013_01_12_10_20_17_493092264  2601.000  22 4
2013_01_12_10_20_36_636014978  2601.000  32 10
2013_01_12_10_21_00_676903811  2601.000  16 14
2013_01_12_10_21_28_319540407  2601.000  32 8
2013_01_12_10_22_27_863253517  2601.000  16 12
2013_01_12_10_22_28_066988463  2601.000  32 6
2013_01_12_10_22_42_387343251  2601.000  24 16
2013_01_12_10_23_40_007204692  2601.000  32 4
2013_01_12_10_23_40_772526880  2601.000  24 14
2013_01_12_10_23_58_841875912  2601.000  16 10
2013_01_12_10_24_39_913890832  2601.000  24 12
2013_01_12_10_25_21_408857167  2601.000  8 16
2013_01_12_10_25_37_064618821  2601.000  16 8
2013_01_12_10_25_41_891265133  2601.000  24 10
2013_01_12_10_26_48_609494417  2601.000  24 8
2013_01_12_10_27_29_613761242  2601.000  16 6
2013_01_12_10_28_04_637193929  2601.000  24 6
2013_01_12_10_28_22_075760505  2601.000  8 14
2013_01_12_10_29_37_903614229  2601.000  24 4
2013_01_12_10_29_48_092982881  2601.000  16 4
2013_01_12_10_30_48_439971599  2601.000  8 12
2013_01_12_10_31_49_115805388  2601.000  26 16
2013_01_12_10_32_42_523573939  2601.000  26 14
2013_01_12_10_33_02_916157089  2601.000  18 16
2013_01_12_10_33_29_582850944  2601.000  8 10
2013_01_12_10_33_38_139894044  2601.000  26 12
2013_01_12_10_34_19_537699636  2601.000  18 14
2013_01_12_10_34_36_772341608  2601.000  26 10
2013_01_12_10_35_37_770254734  2601.000  26 8
2013_01_12_10_35_38_980412865  2601.000  18 12
2013_01_12_10_36_32_501488444  2601.000  8 8
2013_01_12_10_36_48_705981891  2601.000  26 6
2013_01_12_10_37_00_200578546  2601.000  18 10
2013_01_12_10_38_16_538163345  2601.000  26 4
2013_01_12_10_38_27_874442921  2601.000  18 8
2013_01_12_10_40_07_169289490  2601.000  18 6
2013_01_12_10_40_11_037587357  2601.000  8 6
2013_01_12_10_40_18_230764184  2601.000  28 16
2013_01_12_10_41_09_776000286  2601.000  28 14
2013_01_12_10_42_01_332111875  2601.000  28 12
2013_01_12_10_42_10_072730653  2601.000  18 4
2013_01_12_10_42_56_397395647  2601.000  28 10
2013_01_12_10_43_55_012424751  2601.000  28 8
2013_01_12_10_44_41_177277527  2601.000  8 4
2013_01_12_10_45_01_468324941  2601.000  28 6
2013_01_12_10_45_03_088567313  2601.000  20 16
2013_01_12_10_46_11_638270337  2601.000  20 14
2013_01_12_10_46_22_864720570  2601.000  28 4
2013_01_12_10_47_22_739440580  2601.000  20 12
2013_01_12_10_48_17_263294026  2601.000  30 16
2013_01_12_10_48_36_769752606  2601.000  20 10
2013_01_12_10_49_06_746034046  2601.000  30 14
2013_01_12_10_49_54_297136634  2601.000  20 8
2013_01_12_10_49_55_838788047  2601.000  30 12
2013_01_12_10_50_46_668358316  2601.000  30 10
2013_01_12_10_51_04_849412018  2601.000  10 16
2013_01_12_10_51_25_300719764  2601.000  20 6
2013_01_12_10_51_41_572258262  2601.000  30 8
2013_01_12_10_52_44_900093065  2601.000  30 6
2013_01_12_10_53_17_676450362  2601.000  20 4
2013_01_12_10_53_28_712163409  2601.000  10 14
2013_01_12_10_54_02_136409098  2601.000  30 4
2013_01_12_10_55_25_399488091  2601.000  10 12
2013_01_12_10_55_48_809722954  2601.000  32 16
2013_01_12_10_55_54_883581370  2601.000  22 16
2013_01_12_10_56_35_478446907  2601.000  32 14
2013_01_12_10_56_59_402910417  2601.000  22 14
2013_01_12_10_57_22_337437511  2601.000  32 12
2013_01_12_10_57_34_803279102  2601.000  10 10
2013_01_12_10_58_05_838445337  2601.000  22 12
2013_01_12_10_58_11_156494214  2601.000  32 10
2013_01_12_10_59_02_448864440  2601.000  32 8
2013_01_12_10_59_15_569575025  2601.000  22 10
2013_01_12_11_00_00_662947341  2601.000  10 8
2013_01_12_11_00_02_222224626  2601.000  32 6
2013_01_12_11_00_28_956288782  2601.000  22 8
2013_01_12_11_01_14_166229017  2601.000  32 4
2013_01_12_11_01_52_311674768  2601.000  22 6
2013_01_12_11_02_55_056613452  2601.000  10 6
2013_01_12_11_02_55_363355444  2601.000  8 16
2013_01_12_11_03_35_677928573  2601.000  22 4
2013_01_12_11_05_16_990837014  2601.000  8 14
2013_01_12_11_05_59_900836899  2601.000  24 16
2013_01_12_11_06_32_103285011  2601.000  10 4
2013_01_12_11_07_12_736542089  2601.000  24 14
2013_01_12_11_07_41_910706683  2601.000  8 12
2013_01_12_11_08_13_937517456  2601.000  24 12
2013_01_12_11_09_16_991556819  2601.000  24 10
2013_01_12_11_10_23_916099787  2601.000  8 10
2013_01_12_11_10_25_119405380  2601.000  24 8
2013_01_12_11_11_37_251486206  2601.000  12 16
2013_01_12_11_11_40_961816998  2601.000  24 6
2013_01_12_11_13_14_383273022  2601.000  24 4
2013_01_12_11_13_26_684914141  2601.000  8 8
2013_01_12_11_13_36_830134856  2601.000  12 14
2013_01_12_11_15_15_686563330  2601.000  12 12
2013_01_12_11_15_25_938831171  2601.000  26 16
2013_01_12_11_16_31_934941183  2601.000  26 14
2013_01_12_11_17_04_537385115  2601.000  12 10
2013_01_12_11_17_04_684993349  2601.000  8 6
2013_01_12_11_17_27_961621813  2601.000  26 12
2013_01_12_11_18_26_910193000  2601.000  26 10
2013_01_12_11_19_08_480999785  2601.000  12 8
2013_01_12_11_19_28_867277479  2601.000  26 8
2013_01_12_11_20_40_279544037  2601.000  26 6
2013_01_12_11_21_34_697421907  2601.000  8 4
2013_01_12_11_21_35_443319810  2601.000  12 6
2013_01_12_11_22_07_577938450  2601.000  26 4
2013_01_12_11_24_09_239063692  2601.000  28 16
2013_01_12_11_24_37_883250107  2601.000  12 4
2013_01_12_11_25_12_661954097  2601.000  28 14
2013_01_12_11_26_04_392704595  2601.000  28 12
2013_01_12_11_26_58_671927957  2601.000  28 10
2013_01_12_11_27_56_989821142  2601.000  10 16
2013_01_12_11_27_57_508566788  2601.000  28 8
2013_01_12_11_28_53_689859472  2601.000  14 16
2013_01_12_11_29_03_994964647  2601.000  28 6
2013_01_12_11_29_50_602189901  2601.000  10 14
2013_01_12_11_30_25_484581850  2601.000  28 4
2013_01_12_11_30_39_406313919  2601.000  14 14
2013_01_12_11_31_47_446070641  2601.000  10 12
2013_01_12_11_32_06_934285339  2601.000  14 12
2013_01_12_11_32_19_835609100  2601.000  30 16
2013_01_12_11_33_19_428970420  2601.000  30 14
2013_01_12_11_33_40_118203242  2601.000  14 10
2013_01_12_11_33_56_493159207  2601.000  10 10
2013_01_12_11_34_08_005957700  2601.000  30 12
2013_01_12_11_34_58_823825400  2601.000  30 10
2013_01_12_11_35_26_317772080  2601.000  14 8
2013_01_12_11_35_53_261023302  2601.000  30 8
2013_01_12_11_36_22_709556470  2601.000  10 8
2013_01_12_11_36_56_341605125  2601.000  30 6
2013_01_12_11_37_32_871176111  2601.000  14 6
2013_01_12_11_38_12_720998016  2601.000  30 4
2013_01_12_11_39_18_142325436  2601.000  10 6
2013_01_12_11_40_00_194375598  2601.000  32 16
2013_01_12_11_40_09_169280409  2601.000  14 4
2013_01_12_11_40_56_685372646  2601.000  32 14
2013_01_12_11_41_44_286474827  2601.000  32 12
2013_01_12_11_42_33_762365117  2601.000  32 10
2013_01_12_11_42_55_491890970  2601.000  10 4
2013_01_12_11_43_25_086599882  2601.000  32 8
2013_01_12_11_43_48_786195379  2601.000  16 16
2013_01_12_11_44_25_128897422  2601.000  32 6
2013_01_12_11_45_23_231088120  2601.000  16 14
2013_01_12_11_45_37_836647883  2601.000  32 4
2013_01_12_11_46_38_597124154  2601.000  16 12
2013_01_12_11_47_19_397711630  2601.000  8 16
2013_01_12_11_48_00_863217576  2601.000  12 16
2013_01_12_11_48_01_508822945  2601.000  16 10
2013_01_12_11_49_35_543857438  2601.000  12 14
2013_01_12_11_49_36_783380692  2601.000  16 8
2013_01_12_11_49_41_867895941  2601.000  8 14
2013_01_12_11_51_12_628192551  2601.000  12 12
2013_01_12_11_51_29_252920262  2601.000  16 6
2013_01_12_11_52_07_920171305  2601.000  8 12
2013_01_12_11_53_00_587495759  2601.000  12 10
2013_01_12_11_53_47_817324827  2601.000  16 4
2013_01_12_11_54_48_089180279  2601.000  8 10
2013_01_12_11_55_04_586020336  2601.000  12 8
2013_01_12_11_57_02_400344072  2601.000  18 16
2013_01_12_11_57_31_361043770  2601.000  12 6
2013_01_12_11_57_51_235996902  2601.000  8 8
2013_01_12_11_58_28_346266927  2601.000  18 14
2013_01_12_11_59_37_405294679  2601.000  18 12
2013_01_12_12_00_32_919982119  2601.000  12 4
2013_01_12_12_00_52_323922802  2601.000  18 10
2013_01_12_12_01_29_452174278  2601.000  8 6
2013_01_12_12_02_17_850499555  2601.000  18 8
2013_01_12_12_03_57_777850097  2601.000  18 6
2013_01_12_12_04_49_239597699  2601.000  14 16
2013_01_12_12_05_58_271069077  2601.000  8 4
2013_01_12_12_06_01_636239662  2601.000  18 4
2013_01_12_12_06_10_903789892  2601.000  14 14
2013_01_12_12_07_34_959769422  2601.000  14 12
2013_01_12_12_08_55_289800621  2601.000  20 16
2013_01_12_12_09_08_075320071  2601.000  14 10
2013_01_12_12_10_11_022109668  2601.000  20 14
2013_01_12_12_10_55_027454272  2601.000  14 8
2013_01_12_12_11_12_798644427  2601.000  20 12
2013_01_12_12_12_20_261289075  2601.000  10 16
2013_01_12_12_12_21_138285481  2601.000  20 10
2013_01_12_12_13_02_502126774  2601.000  14 6
2013_01_12_12_13_36_887409860  2601.000  20 8
2013_01_12_12_14_15_463060022  2601.000  10 14
2013_01_12_12_15_07_884353902  2601.000  20 6
2013_01_12_12_15_39_644340294  2601.000  14 4
2013_01_12_12_16_12_635867175  2601.000  10 12
2013_01_12_12_16_59_972178812  2601.000  20 4
2013_01_12_12_18_21_856621755  2601.000  10 10
2013_01_12_12_19_20_971700573  2601.000  16 16
2013_01_12_12_19_35_447376301  2601.000  22 16
2013_01_12_12_20_34_978290429  2601.000  16 14
2013_01_12_12_20_46_917781634  2601.000  22 14
2013_01_12_12_20_48_524135089  2601.000  10 8
2013_01_12_12_21_44_076649169  2601.000  22 12
2013_01_12_12_21_49_527554275  2601.000  16 12
2013_01_12_12_22_47_796716668  2601.000  22 10
2013_01_12_12_23_12_030244425  2601.000  16 10
2013_01_12_12_23_43_929616935  2601.000  10 6
2013_01_12_12_23_59_429134720  2601.000  22 8
2013_01_12_12_24_47_050836206  2601.000  16 8
2013_01_12_12_25_23_207350945  2601.000  22 6
2013_01_12_12_26_39_683294493  2601.000  16 6
2013_01_12_12_27_07_394715452  2601.000  22 4
2013_01_12_12_27_21_225976469  2601.000  10 4
2013_01_12_12_28_58_342796036  2601.000  16 4
2013_01_12_12_29_32_277329347  2601.000  24 16
2013_01_12_12_30_37_114370489  2601.000  24 14
2013_01_12_12_31_29_940534200  2601.000  24 12
2013_01_12_12_32_12_170272610  2601.000  18 16
2013_01_12_12_32_26_503738858  2601.000  12 16
2013_01_12_12_32_27_941811988  2601.000  24 10
2013_01_12_12_33_17_964455956  2601.000  18 14
2013_01_12_12_33_33_794052929  2601.000  24 8
2013_01_12_12_34_01_466538869  2601.000  12 14
2013_01_12_12_34_24_861569553  2601.000  18 12
2013_01_12_12_34_50_385390498  2601.000  24 6
2013_01_12_12_35_38_487985637  2601.000  18 10
2013_01_12_12_35_39_712080842  2601.000  12 12
2013_01_12_12_36_24_008723839  2601.000  24 4
2013_01_12_12_37_03_253847826  2601.000  18 8
2013_01_12_12_37_27_094814787  2601.000  12 10
2013_01_12_12_38_35_815781588  2601.000  26 16
2013_01_12_12_38_42_679775008  2601.000  18 6
2013_01_12_12_39_30_253495336  2601.000  12 8
2013_01_12_12_39_35_195157059  2601.000  26 14
2013_01_12_12_40_24_078598895  2601.000  26 12
2013_01_12_12_40_45_822615572  2601.000  18 4
2013_01_12_12_41_18_097560448  2601.000  26 10
2013_01_12_12_41_56_902095556  2601.000  12 6
2013_01_12_12_42_18_829643275  2601.000  26 8
2013_01_12_12_43_30_151238209  2601.000  26 6
2013_01_12_12_43_38_857438046  2601.000  20 16
2013_01_12_12_44_37_786348887  2601.000  20 14
2013_01_12_12_44_57_739706806  2601.000  26 4
2013_01_12_12_44_58_233183452  2601.000  12 4
2013_01_12_12_45_38_708928515  2601.000  20 12
2013_01_12_12_46_46_362967732  2601.000  20 10
2013_01_12_12_46_59_554331822  2601.000  28 16
2013_01_12_12_47_56_291218646  2601.000  28 14
2013_01_12_12_48_01_656984212  2601.000  20 8
2013_01_12_12_48_41_624202001  2601.000  28 12
2013_01_12_12_49_14_091550564  2601.000  14 16
2013_01_12_12_49_31_894770367  2601.000  20 6
2013_01_12_12_49_32_045779542  2601.000  28 10
2013_01_12_12_50_29_543785031  2601.000  28 8
2013_01_12_12_50_37_018670099  2601.000  14 14
2013_01_12_12_51_23_526961033  2601.000  20 4
2013_01_12_12_51_36_522695527  2601.000  28 6
2013_01_12_12_52_02_152998167  2601.000  14 12
2013_01_12_12_52_58_188803094  2601.000  28 4
2013_01_12_12_53_34_923165808  2601.000  14 10
2013_01_12_12_54_00_100487211  2601.000  22 16
2013_01_12_12_54_52_909964273  2601.000  30 16
2013_01_12_12_54_55_398017725  2601.000  22 14
2013_01_12_12_55_21_336208772  2601.000  14 8
2013_01_12_12_55_46_651438601  2601.000  30 14
2013_01_12_12_55_51_924519982  2601.000  22 12
2013_01_12_12_56_29_863726564  2601.000  30 12
2013_01_12_12_56_55_306819145  2601.000  22 10
2013_01_12_12_57_16_710942523  2601.000  30 10
2013_01_12_12_57_27_925954645  2601.000  14 6
2013_01_12_12_58_06_630353819  2601.000  22 8
2013_01_12_12_58_10_402042463  2601.000  30 8
2013_01_12_12_59_13_652136159  2601.000  30 6
2013_01_12_12_59_29_735412348  2601.000  22 6
2013_01_12_13_00_04_415908872  2601.000  14 4
2013_01_12_13_00_30_488314590  2601.000  30 4
2013_01_12_13_01_13_089338309  2601.000  22 4
2013_01_12_13_02_17_461577597  2601.000  32 16
2013_01_12_13_03_08_467924414  2601.000  32 14
2013_01_12_13_03_37_329615609  2601.000  24 16
2013_01_12_13_03_45_286142404  2601.000  16 16
2013_01_12_13_03_49_850472084  2601.000  32 12
2013_01_12_13_04_28_266542699  2601.000  24 14
2013_01_12_13_04_35_283349724  2601.000  32 10
2013_01_12_13_05_00_323657060  2601.000  16 14
2013_01_12_13_05_20_496330853  2601.000  24 12
2013_01_12_13_05_25_398353701  2601.000  32 8
2013_01_12_13_06_16_680834191  2601.000  16 12
2013_01_12_13_06_17_436985493  2601.000  24 10
2013_01_12_13_06_25_267768112  2601.000  32 6
2013_01_12_13_07_22_957494966  2601.000  24 8
2013_01_12_13_07_37_562948077  2601.000  32 4
2013_01_12_13_07_39_957515218  2601.000  16 10
2013_01_12_13_08_39_248247241  2601.000  24 6
2013_01_12_13_09_15_041222739  2601.000  16 8
2013_01_12_13_09_18_556118638  2601.000  8 16
2013_01_12_13_10_13_643027992  2601.000  24 4
2013_01_12_13_11_07_793227832  2601.000  16 6
2013_01_12_13_11_56_455729468  2601.000  8 14
2013_01_12_13_12_25_446335604  2601.000  26 16
2013_01_12_13_13_12_723570432  2601.000  26 14
2013_01_12_13_13_26_600893773  2601.000  16 4
2013_01_12_13_14_01_828868307  2601.000  26 12
2013_01_12_13_14_21_477142859  2601.000  8 12
2013_01_12_13_14_56_035921976  2601.000  26 10
2013_01_12_13_15_56_442862383  2601.000  26 8
2013_01_12_13_16_40_981268297  2601.000  18 16
2013_01_12_13_17_01_794904177  2601.000  8 10
2013_01_12_13_17_07_930364375  2601.000  26 6
2013_01_12_13_17_46_880613890  2601.000  18 14
2013_01_12_13_18_35_622341733  2601.000  26 4
2013_01_12_13_18_55_366002418  2601.000  18 12
2013_01_12_13_20_04_068537206  2601.000  8 8
2013_01_12_13_20_09_189052776  2601.000  18 10
2013_01_12_13_20_37_258915651  2601.000  28 16
2013_01_12_13_21_25_086018407  2601.000  28 14
2013_01_12_13_21_34_053869205  2601.000  18 8
2013_01_12_13_22_10_150329101  2601.000  28 12
2013_01_12_13_23_00_762983231  2601.000  28 10
2013_01_12_13_23_12_744141714  2601.000  18 6
2013_01_12_13_23_40_769872494  2601.000  8 6
2013_01_12_13_23_57_971002527  2601.000  28 8
2013_01_12_13_25_04_410797096  2601.000  28 6
2013_01_12_13_25_15_580243004  2601.000  18 4
2013_01_12_13_26_25_899610517  2601.000  28 4
2013_01_12_13_28_09_225064193  2601.000  20 16
2013_01_12_13_28_10_343368321  2601.000  8 4
2013_01_12_13_28_20_376218802  2601.000  30 16
2013_01_12_13_29_03_104031177  2601.000  30 14
2013_01_12_13_29_09_236710043  2601.000  20 14
2013_01_12_13_29_46_232125822  2601.000  30 12
2013_01_12_13_30_11_995628372  2601.000  20 12
2013_01_12_13_30_33_194573016  2601.000  30 10
2013_01_12_13_31_19_919886875  2601.000  20 10
2013_01_12_13_31_27_090247723  2601.000  30 8
2013_01_12_13_32_30_870862783  2601.000  30 6
2013_01_12_13_32_36_447585027  2601.000  20 8
2013_01_12_13_33_47_551851125  2601.000  30 4
2013_01_12_13_34_08_668901667  2601.000  20 6
2013_01_12_13_34_33_151697331  2601.000  10 16
2013_01_12_13_35_34_463223161  2601.000  32 16
2013_01_12_13_36_02_204086627  2601.000  20 4
2013_01_12_13_36_15_182372409  2601.000  32 14
2013_01_12_13_36_38_762852533  2601.000  10 14
2013_01_12_13_36_56_324980391  2601.000  32 12
2013_01_12_13_37_41_405735851  2601.000  32 10
2013_01_12_13_38_31_589233573  2601.000  32 8
2013_01_12_13_38_34_890744503  2601.000  10 12
2013_01_12_13_38_39_992308035  2601.000  22 16
2013_01_12_13_39_31_456985656  2601.000  32 6
2013_01_12_13_39_35_993201989  2601.000  22 14
2013_01_12_13_40_33_335421562  2601.000  22 12
2013_01_12_13_40_43_274247272  2601.000  32 4
2013_01_12_13_40_43_770083475  2601.000  10 10
2013_01_12_13_41_36_448341774  2601.000  22 10
2013_01_12_13_42_24_237854017  2601.000  8 16
2013_01_12_13_42_47_632228270  2601.000  22 8
2013_01_12_13_43_09_889357675  2601.000  10 8
2013_01_12_13_44_10_984025071  2601.000  22 6
2013_01_12_13_44_37_881026592  2601.000  8 14
2013_01_12_13_45_54_284028886  2601.000  22 4
2013_01_12_13_46_04_418547301  2601.000  10 6
2013_01_12_13_47_02_331348124  2601.000  8 12
2013_01_12_13_48_18_278943162  2601.000  24 16
2013_01_12_13_49_18_243415644  2601.000  24 14
2013_01_12_13_49_42_492049113  2601.000  10 4
2013_01_12_13_49_43_135232233  2601.000  8 10
2013_01_12_13_50_10_445859319  2601.000  24 12
2013_01_12_13_51_06_979836585  2601.000  24 10
2013_01_12_13_52_11_973027533  2601.000  24 8
2013_01_12_13_52_45_076461333  2601.000  8 8
2013_01_12_13_53_28_012212667  2601.000  24 6
2013_01_12_13_54_46_921534583  2601.000  12 16
2013_01_12_13_55_02_163018601  2601.000  24 4
2013_01_12_13_56_21_746985850  2601.000  8 6
2013_01_12_13_56_33_653773817  2601.000  12 14
2013_01_12_13_57_14_036194564  2601.000  26 16
2013_01_12_13_58_10_273365940  2601.000  26 14
2013_01_12_13_58_11_213210247  2601.000  12 12
2013_01_12_13_58_59_357948392  2601.000  26 12
2013_01_12_13_59_53_556291206  2601.000  26 10
2013_01_12_13_59_59_002487427  2601.000  12 10
2013_01_12_14_00_50_569261484  2601.000  8 4
2013_01_12_14_00_54_355878529  2601.000  26 8
2013_01_12_14_02_02_851285705  2601.000  12 8
2013_01_12_14_02_05_951623571  2601.000  26 6
2013_01_12_14_03_33_830691575  2601.000  26 4
2013_01_12_14_04_28_970356911  2601.000  12 6
2013_01_12_14_05_35_553952687  2601.000  28 16
2013_01_12_14_06_30_087102494  2601.000  28 14
2013_01_12_14_07_12_598310491  2601.000  10 16
2013_01_12_14_07_15_671130514  2601.000  28 12
2013_01_12_14_07_29_814845418  2601.000  12 4
2013_01_12_14_08_06_442935296  2601.000  28 10
2013_01_12_14_09_00_980239141  2601.000  10 14
2013_01_12_14_09_03_844329567  2601.000  28 8
2013_01_12_14_10_10_804027714  2601.000  28 6
2013_01_12_14_10_57_714843119  2601.000  10 12
2013_01_12_14_11_32_476582166  2601.000  28 4
2013_01_12_14_11_46_131866430  2601.000  14 16
2013_01_12_14_13_07_004453327  2601.000  10 10
2013_01_12_14_13_18_630402673  2601.000  14 14
2013_01_12_14_13_27_129749007  2601.000  30 16
2013_01_12_14_14_18_817725334  2601.000  30 14
2013_01_12_14_14_43_208310982  2601.000  14 12
2013_01_12_14_15_02_451212574  2601.000  30 12
2013_01_12_14_15_33_763493862  2601.000  10 8
2013_01_12_14_15_49_346327460  2601.000  30 10
2013_01_12_14_16_16_901119589  2601.000  14 10
2013_01_12_14_16_43_098032261  2601.000  30 8
2013_01_12_14_17_46_612135469  2601.000  30 6
2013_01_12_14_18_03_415613876  2601.000  14 8
2013_01_12_14_18_28_550684366  2601.000  10 6
2013_01_12_14_19_03_838014151  2601.000  30 4
2013_01_12_14_20_10_235526589  2601.000  14 6
2013_01_12_14_20_52_077965580  2601.000  32 16
2013_01_12_14_21_40_166461527  2601.000  32 14
2013_01_12_14_22_06_360780863  2601.000  10 4
2013_01_12_14_22_21_660200430  2601.000  32 12
2013_01_12_14_22_45_845518451  2601.000  14 4
2013_01_12_14_23_07_027356670  2601.000  32 10
2013_01_12_14_23_57_610960786  2601.000  32 8
2013_01_12_14_24_57_822280457  2601.000  32 6
2013_01_12_14_26_10_285601619  2601.000  32 4
2013_01_12_14_26_26_321267709  2601.000  16 16
2013_01_12_14_27_12_522225572  2601.000  12 16
2013_01_12_14_27_48_905193029  2601.000  16 14
2013_01_12_14_27_51_987085069  2601.000  8 16
2013_01_12_14_28_42_478943909  2601.000  12 14
2013_01_12_14_29_03_861672190  2601.000  16 12
2013_01_12_14_30_06_412995229  2601.000  8 14
2013_01_12_14_30_20_103331347  2601.000  12 12
2013_01_12_14_30_26_471078482  2601.000  16 10
2013_01_12_14_32_01_614309056  2601.000  16 8
2013_01_12_14_32_07_879728712  2601.000  12 10
2013_01_12_14_32_31_176562669  2601.000  8 12
2013_01_12_14_33_54_034863269  2601.000  16 6
2013_01_12_14_34_12_128681299  2601.000  12 8
2013_01_12_14_35_11_737339792  2601.000  8 10
2013_01_12_14_36_12_175852967  2601.000  16 4
2013_01_12_14_36_38_979973460  2601.000  12 6
2013_01_12_14_38_13_763501930  2601.000  8 8
2013_01_12_14_39_27_157176313  2601.000  18 16
2013_01_12_14_39_40_180045878  2601.000  12 4
2013_01_12_14_40_40_364819318  2601.000  18 14
2013_01_12_14_41_49_144797601  2601.000  18 12
2013_01_12_14_41_50_383326835  2601.000  8 6
2013_01_12_14_43_03_588651999  2601.000  18 10
2013_01_12_14_43_58_154838742  2601.000  14 16
2013_01_12_14_44_28_571197213  2601.000  18 8
2013_01_12_14_45_16_298290393  2601.000  14 14
2013_01_12_14_46_08_134334332  2601.000  18 6
2013_01_12_14_46_19_427663259  2601.000  8 4
2013_01_12_14_46_40_205908765  2601.000  14 12
2013_01_12_14_48_12_234869872  2601.000  18 4
2013_01_12_14_48_14_259770225  2601.000  14 10
2013_01_12_14_50_00_354007607  2601.000  14 8
2013_01_12_14_51_05_398391846  2601.000  20 16
2013_01_12_14_52_07_660690855  2601.000  14 6
2013_01_12_14_52_10_114284635  2601.000  20 14
2013_01_12_14_52_41_926796217  2601.000  10 16
2013_01_12_14_53_11_532395329  2601.000  20 12
2013_01_12_14_54_19_038439700  2601.000  20 10
2013_01_12_14_54_30_552979116  2601.000  10 14
2013_01_12_14_54_45_894817377  2601.000  14 4
2013_01_12_14_55_34_220252982  2601.000  20 8
2013_01_12_14_56_26_471917874  2601.000  10 12
2013_01_12_14_57_04_536102957  2601.000  20 6
2013_01_12_14_58_26_548780163  2601.000  16 16
2013_01_12_14_58_35_565640563  2601.000  10 10
2013_01_12_14_58_56_217555427  2601.000  20 4
2013_01_12_14_59_37_573815035  2601.000  16 14
2013_01_12_15_00_52_580922691  2601.000  16 12
2013_01_12_15_01_00_879009545  2601.000  10 8
2013_01_12_15_01_32_010291801  2601.000  22 16
2013_01_12_15_02_15_542383025  2601.000  16 10
2013_01_12_15_02_34_190292141  2601.000  22 14
2013_01_12_15_03_31_103348567  2601.000  22 12
2013_01_12_15_03_50_171857066  2601.000  16 8
2013_01_12_15_03_55_504224849  2601.000  10 6
2013_01_12_15_04_35_039862784  2601.000  22 10
2013_01_12_15_05_42_140320648  2601.000  16 6
2013_01_12_15_05_46_551846451  2601.000  22 8
2013_01_12_15_07_10_415221268  2601.000  22 6
2013_01_12_15_07_33_675434632  2601.000  10 4
2013_01_12_15_08_00_473813423  2601.000  16 4
2013_01_12_15_08_54_252362836  2601.000  22 4
2013_01_12_15_11_15_095265313  2601.000  18 16
2013_01_12_15_11_18_700932554  2601.000  24 16
2013_01_12_15_12_15_613541406  2601.000  24 14
2013_01_12_15_12_17_781105182  2601.000  18 14
2013_01_12_15_12_40_023526702  2601.000  12 16
2013_01_12_15_13_08_244812400  2601.000  24 12
2013_01_12_15_13_24_708970051  2601.000  18 12
2013_01_12_15_14_06_077876052  2601.000  24 10
2013_01_12_15_14_10_708832434  2601.000  12 14
2013_01_12_15_14_38_647888442  2601.000  18 10
2013_01_12_15_15_12_033258433  2601.000  24 8
2013_01_12_15_15_48_894785200  2601.000  12 12
2013_01_12_15_16_03_113759114  2601.000  18 8
2013_01_12_15_16_28_567238934  2601.000  24 6
2013_01_12_15_17_36_795185758  2601.000  12 10
2013_01_12_15_17_42_726540366  2601.000  18 6
2013_01_12_15_19_40_582970975  2601.000  12 8
2013_01_12_15_19_46_339816453  2601.000  18 4
2013_01_12_15_22_06_950566672  2601.000  12 6
2013_01_12_15_22_39_354887049  2601.000  20 16
2013_01_12_15_23_35_249528149  2601.000  20 14
2013_01_12_15_24_36_729624214  2601.000  20 12
2013_01_12_15_25_07_720638370  2601.000  12 4
2013_01_12_15_25_44_681937640  2601.000  20 10
2013_01_12_15_26_59_668953827  2601.000  20 8
2013_01_12_15_28_30_388735296  2601.000  20 6
2013_01_12_15_29_22_523378837  2601.000  14 16
2013_01_12_15_30_21_891422132  2601.000  20 4
2013_01_12_15_30_40_466567691  2601.000  14 14
2013_01_12_15_32_04_599884688  2601.000  14 12
2013_01_12_15_32_57_530813591  2601.000  22 16
2013_01_12_15_33_37_010600439  2601.000  14 10
2013_01_12_15_33_51_045562092  2601.000  22 14
2013_01_12_15_34_47_614969724  2601.000  22 12
2013_01_12_15_35_23_000794972  2601.000  14 8
2013_01_12_15_35_51_120116769  2601.000  22 10
2013_01_12_15_37_02_655041604  2601.000  22 8
2013_01_12_15_37_29_219051639  2601.000  14 6
2013_01_12_15_38_25_676473513  2601.000  22 6
2013_01_12_15_40_05_650631367  2601.000  14 4
2013_01_12_15_40_09_630228194  2601.000  22 4
2013_01_12_15_42_33_487477956  2601.000  24 16
2013_01_12_15_43_21_519352622  2601.000  24 14
2013_01_12_15_43_45_850882078  2601.000  16 16
2013_01_12_15_44_13_086386964  2601.000  24 12
2013_01_12_15_44_57_583149000  2601.000  16 14
2013_01_12_15_45_10_230552770  2601.000  24 10
2013_01_12_15_46_14_056643974  2601.000  16 12
2013_01_12_15_46_14_975269433  2601.000  24 8
2013_01_12_15_47_30_352940502  2601.000  24 6
2013_01_12_15_47_38_041595034  2601.000  16 10
2013_01_12_15_49_03_885454892  2601.000  24 4
2013_01_12_15_49_13_221629978  2601.000  16 8
2013_01_12_15_51_05_443570010  2601.000  16 6
2013_01_12_15_51_15_324611734  2601.000  26 16
2013_01_12_15_52_00_170533196  2601.000  26 14
2013_01_12_15_52_48_536281604  2601.000  26 12
2013_01_12_15_53_23_849468884  2601.000  16 4
2013_01_12_15_53_42_318595282  2601.000  26 10
2013_01_12_15_54_43_034838815  2601.000  26 8
2013_01_12_15_55_54_099658081  2601.000  26 6
2013_01_12_15_56_39_269884309  2601.000  18 16
2013_01_12_15_57_21_781903816  2601.000  26 4
2013_01_12_15_57_42_682650420  2601.000  18 14
2013_01_12_15_58_49_619515074  2601.000  18 12
2013_01_12_15_59_22_997307591  2601.000  28 16
2013_01_12_16_00_03_701553914  2601.000  18 10
2013_01_12_16_00_06_276195721  2601.000  28 14
2013_01_12_16_00_51_340201448  2601.000  28 12
2013_01_12_16_01_28_116593300  2601.000  18 8
2013_01_12_16_01_41_794200485  2601.000  28 10
2013_01_12_16_03_07_523636461  2601.000  18 6
2013_01_12_16_05_10_620199152  2601.000  18 4
2013_01_12_16_08_03_053495339  2601.000  20 16
2013_01_12_16_08_59_021579132  2601.000  20 14
2013_01_12_16_09_59_870565309  2601.000  20 12
2013_01_12_16_11_08_040888193  2601.000  20 10
2013_01_12_16_12_23_918603513  2601.000  20 8
2013_01_12_16_13_55_188124970  2601.000  20 6
2013_01_12_16_15_48_010577308  2601.000  20 4
2013_01_12_16_18_24_902783425  2601.000  22 16
2013_01_12_16_19_18_077002938  2601.000  22 14
2013_01_12_16_20_15_018665240  2601.000  22 12
2013_01_12_16_21_18_243961386  2601.000  22 10
2013_01_12_16_22_29_213961635  2601.000  22 8
2013_01_12_16_23_52_436003822  2601.000  22 6
2013_01_12_16_25_35_362105175  2601.000  22 4
2013_01_12_16_27_59_102617072  2601.000  24 16
2013_01_12_16_28_54_349881838  2601.000  24 14
2013_01_12_16_29_46_764258298  2601.000  24 12
2013_01_12_16_30_44_399834296  2601.000  24 10
2013_01_12_16_31_48_783656463  2601.000  24 8
2013_01_12_16_33_04_465259385  2601.000  24 6
2013_01_12_16_34_37_322009286  2601.000  24 4
2013_01_12_16_36_48_281953142  2601.000  26 16
2013_01_12_16_37_40_301098308  2601.000  26 14
2013_01_12_16_38_29_109040560  2601.000  26 12
2013_01_12_16_39_23_492663035  2601.000  26 10
2013_01_12_16_40_24_084931045  2601.000  26 8
2013_01_12_16_41_35_843986842  2601.000  26 6
2013_01_12_16_43_03_504811650  2601.000  26 4
