2012_12_28_08_43_06_926328109  2601.000 8 16
2012_12_28_08_43_31_785295036  2601.000 8 14
2012_12_28_08_43_57_077999607  2601.000 8 12
2012_12_28_08_44_26_863697388  2601.000 8 10
2012_12_28_08_44_58_733664797  2601.000 8 8
2012_12_28_08_45_37_126133522  2601.000 8 6
2012_12_28_08_46_23_850878735  2601.000 8 4
2012_12_28_08_47_30_213163675  2601.000 16 16
2012_12_28_08_47_48_805631047  2601.000 16 14
2012_12_28_08_48_06_517336513  2601.000 16 12
2012_12_28_08_48_25_470492764  2601.000 16 10
2012_12_28_08_48_46_638446494  2601.000 16 8
2012_12_28_08_49_09_826672133  2601.000 16 6
2012_12_28_08_49_37_951855971  2601.000 16 4
2012_12_28_08_50_15_581828630  2601.000 32 16
2012_12_28_08_50_33_109318976  2601.000 32 14
2012_12_28_08_50_48_594589560  2601.000 32 12
2012_12_28_08_51_04_254683739  2601.000 32 10
2012_12_28_08_51_21_280996027  2601.000 32 8
2012_12_28_08_51_38_826283754  2601.000 32 6
2012_12_28_08_51_58_758877031  2601.000 32 4
2012_12_28_08_52_23_763983958  2601.000 8 16
2012_12_28_08_52_55_376788369  2601.000 8 14
2012_12_28_08_53_29_837739415  2601.000 8 12
2012_12_28_08_54_06_163994353  2601.000 8 10
2012_12_28_08_54_45_474006334  2601.000 8 8
2012_12_28_08_55_29_228004344  2601.000 8 6
2012_12_28_08_56_24_479435177  2601.000 8 4
2012_12_28_08_57_44_261413005  2601.000 16 16
2012_12_28_08_58_04_928325445  2601.000 16 14
2012_12_28_08_58_27_642174569  2601.000 16 12
2012_12_28_08_58_50_710394199  2601.000 16 10
2012_12_28_08_59_15_594970604  2601.000 16 8
2012_12_28_08_59_42_251395156  2601.000 16 6
2012_12_28_09_00_14_717544067  2601.000 16 4
2012_12_28_09_00_59_611003038  2601.000 32 16
2012_12_28_09_01_15_814500772  2601.000 32 14
2012_12_28_09_01_33_655391515  2601.000 32 12
2012_12_28_09_01_52_106974580  2601.000 32 10
2012_12_28_09_02_11_461363294  2601.000 32 8
2012_12_28_09_02_31_157581511  2601.000 32 6
2012_12_28_09_02_54_521959737  2601.000 32 4
2012_12_28_09_03_22_789616006  2601.000 8 16
2012_12_28_09_03_50_577692582  2601.000 8 14
2012_12_28_09_04_21_326645090  2601.000 8 12
2012_12_28_09_04_54_057604496  2601.000 8 10
2012_12_28_09_05_30_802916799  2601.000 8 8
2012_12_28_09_06_14_696248357  2601.000 8 6
2012_12_28_09_07_10_750012350  2601.000 8 4
2012_12_28_09_08_31_168451921  2601.000 16 16
2012_12_28_09_08_50_390388215  2601.000 16 14
2012_12_28_09_09_10_090682422  2601.000 16 12
2012_12_28_09_09_30_360363652  2601.000 16 10
2012_12_28_09_09_53_624305506  2601.000 16 8
2012_12_28_09_10_19_940746667  2601.000 16 6
2012_12_28_09_10_52_240171138  2601.000 16 4
2012_12_28_09_11_36_947329564  2601.000 32 16
2012_12_28_09_11_54_088003871  2601.000 32 14
2012_12_28_09_12_10_045175237  2601.000 32 12
2012_12_28_09_12_25_961969858  2601.000 32 10
2012_12_28_09_12_43_781515750  2601.000 32 8
2012_12_28_09_13_03_048623037  2601.000 32 6
2012_12_28_09_13_25_305111652  2601.000 32 4
2012_12_28_09_13_52_942066121  2601.000 8 16
2012_12_28_09_14_18_702969722  2601.000 8 14
2012_12_28_09_14_46_847764772  2601.000 8 12
2012_12_28_09_15_18_391050037  2601.000 8 10
2012_12_28_09_15_55_201366733  2601.000 8 8
2012_12_28_09_16_38_986234564  2601.000 8 6
2012_12_28_09_17_34_986863072  2601.000 8 4
2012_12_28_09_18_55_205818155  2601.000 16 16
2012_12_28_09_19_12_802442642  2601.000 16 14
2012_12_28_09_19_31_955890117  2601.000 16 12
2012_12_28_09_19_52_109148757  2601.000 16 10
2012_12_28_09_20_14_584343840  2601.000 16 8
2012_12_28_09_20_40_823591599  2601.000 16 6
2012_12_28_09_21_13_087842238  2601.000 16 4
2012_12_28_09_21_57_484145755  2601.000 32 16
2012_12_28_09_22_13_236276982  2601.000 32 14
2012_12_28_09_22_28_382822843  2601.000 32 12
2012_12_28_09_22_44_717791201  2601.000 32 10
2012_12_28_09_23_03_207565455  2601.000 32 8
2012_12_28_09_23_23_098817706  2601.000 32 6
2012_12_28_09_23_45_680425733  2601.000 32 4
2012_12_28_09_24_14_180584818  2601.000 8 16
2012_12_28_09_24_40_164030829  2601.000 8 14
2012_12_28_09_25_08_344006178  2601.000 8 12
2012_12_28_09_25_39_945861300  2601.000 8 10
2012_12_28_09_26_16_744687555  2601.000 8 8
2012_12_28_09_27_00_730230865  2601.000 8 6
2012_12_28_09_27_56_738985093  2601.000 8 4
2012_12_28_09_29_17_068545937  2601.000 16 16
2012_12_28_09_29_34_379106047  2601.000 16 14
2012_12_28_09_29_52_922737887  2601.000 16 12
2012_12_28_09_30_13_848490243  2601.000 16 10
2012_12_28_09_30_36_933717017  2601.000 16 8
2012_12_28_09_31_03_764249395  2601.000 16 6
2012_12_28_09_31_36_254973446  2601.000 16 4
2012_12_28_09_32_20_938247195  2601.000 32 16
2012_12_28_09_32_35_946816411  2601.000 32 14
2012_12_28_09_32_51_083090028  2601.000 32 12
2012_12_28_09_33_06_981114724  2601.000 32 10
2012_12_28_09_33_24_079262936  2601.000 32 8
2012_12_28_09_33_43_252781890  2601.000 32 6
2012_12_28_09_34_05_289388026  2601.000 32 4
