2013_01_12_15_17_46_032003755  2601.000 8 16
2013_01_12_15_20_03_607445397  2601.000 8 14
2013_01_12_15_22_36_197080451  2601.000 8 12
2013_01_12_15_25_42_360725086  2601.000 8 10
2013_01_12_15_29_16_944401669  2601.000 8 8
2013_01_12_15_33_37_834241000  2601.000 8 6
2013_01_12_15_38_27_039118455  2601.000 8 4
2013_01_12_15_47_07_722253699  2601.000 10 16
2013_01_12_15_49_00_930916719  2601.000 10 14
2013_01_12_15_51_08_599451005  2601.000 10 12
2013_01_12_15_53_38_760731186  2601.000 10 10
2013_01_12_15_56_14_205401423  2601.000 8 16
2013_01_12_15_56_37_781447871  2601.000 10 8
2013_01_12_15_58_36_658375784  2601.000 8 14
2013_01_12_16_00_22_093488391  2601.000 10 6
2013_01_12_16_01_11_317412353  2601.000 8 12
2013_01_12_16_02_46_103851724  2601.000 8 16
2013_01_12_16_04_13_213111388  2601.000 8 10
2013_01_12_16_04_28_261633859  2601.000 10 4
2013_01_12_16_05_05_812265157  2601.000 8 14
2013_01_12_16_07_38_442204148  2601.000 8 12
2013_01_12_16_07_48_960563228  2601.000 8 8
2013_01_12_16_10_49_473698700  2601.000 8 10
2013_01_12_16_11_31_672538387  2601.000 12 16
2013_01_12_16_12_16_512895663  2601.000 8 6
2013_01_12_16_13_10_169175289  2601.000 12 14
2013_01_12_16_14_21_838897593  2601.000 8 8
2013_01_12_16_14_59_339775663  2601.000 12 12
2013_01_12_16_17_07_579431587  2601.000 12 10
2013_01_12_16_17_10_744851192  2601.000 8 4
2013_01_12_16_18_53_112781531  2601.000 8 6
2013_01_12_16_19_37_203628786  2601.000 12 8
2013_01_12_16_22_43_516883192  2601.000 12 6
2013_01_12_16_23_42_260756150  2601.000 8 4
2013_01_12_16_25_49_611737441  2601.000 10 16
2013_01_12_16_26_06_729363030  2601.000 12 4
2013_01_12_16_27_45_233265891  2601.000 10 14
2013_01_12_16_29_50_982032767  2601.000 10 12
2013_01_12_16_31_58_724345787  2601.000 14 16
2013_01_12_16_32_20_024654607  2601.000 10 10
2013_01_12_16_32_26_982131067  2601.000 10 16
2013_01_12_16_33_24_891595387  2601.000 14 14
2013_01_12_16_34_21_709326142  2601.000 10 14
2013_01_12_16_34_58_078415546  2601.000 14 12
2013_01_12_16_35_15_417761557  2601.000 10 8
2013_01_12_16_36_31_409727609  2601.000 10 12
2013_01_12_16_36_47_554524679  2601.000 14 10
2013_01_12_16_38_54_302817767  2601.000 10 6
2013_01_12_16_38_56_362306096  2601.000 14 8
2013_01_12_16_38_58_643608543  2601.000 10 10
2013_01_12_16_41_33_241892878  2601.000 14 6
2013_01_12_16_41_52_597663145  2601.000 10 8
2013_01_12_16_42_52_290453686  2601.000 10 4
2013_01_12_16_44_30_998398171  2601.000 14 4
2013_01_12_16_45_30_006069465  2601.000 10 6
2013_01_12_16_49_23_544672344  2601.000 16 16
2013_01_12_16_49_32_599547353  2601.000 10 4
2013_01_12_16_49_50_444107971  2601.000 12 16
2013_01_12_16_50_40_929574210  2601.000 16 14
2013_01_12_16_51_27_730649687  2601.000 12 14
2013_01_12_16_52_05_066055574  2601.000 16 12
2013_01_12_16_53_16_631712439  2601.000 12 12
2013_01_12_16_53_44_411434220  2601.000 16 10
2013_01_12_16_55_21_592040135  2601.000 12 10
2013_01_12_16_55_40_671324739  2601.000 16 8
2013_01_12_16_56_26_882935601  2601.000 12 16
2013_01_12_16_57_51_065987399  2601.000 12 8
2013_01_12_16_57_58_999091593  2601.000 16 6
2013_01_12_16_58_05_879994500  2601.000 12 14
2013_01_12_16_59_52_881828406  2601.000 12 12
2013_01_12_17_00_33_876369309  2601.000 16 4
2013_01_12_17_00_54_838062228  2601.000 12 6
2013_01_12_17_02_01_553926363  2601.000 12 10
2013_01_12_17_04_23_186564042  2601.000 12 4
2013_01_12_17_04_29_035782245  2601.000 12 8
2013_01_12_17_04_45_672522801  2601.000 18 16
2013_01_12_17_05_59_203201842  2601.000 18 14
2013_01_12_17_07_19_622440035  2601.000 18 12
2013_01_12_17_07_34_903314720  2601.000 12 6
2013_01_12_17_08_52_238413466  2601.000 18 10
2013_01_12_17_10_12_220105252  2601.000 14 16
2013_01_12_17_10_36_278552469  2601.000 18 8
2013_01_12_17_10_56_961658704  2601.000 12 4
2013_01_12_17_11_46_354897048  2601.000 14 14
2013_01_12_17_12_43_366468206  2601.000 18 6
2013_01_12_17_13_22_954141835  2601.000 14 12
2013_01_12_17_15_01_892808113  2601.000 18 4
2013_01_12_17_15_13_198658229  2601.000 14 10
2013_01_12_17_16_56_184215252  2601.000 14 16
2013_01_12_17_17_21_366759787  2601.000 14 8
2013_01_12_17_18_23_745112972  2601.000 14 14
2013_01_12_17_19_03_958199554  2601.000 20 16
2013_01_12_17_19_58_850171972  2601.000 14 12
2013_01_12_17_20_00_435288343  2601.000 14 6
2013_01_12_17_20_12_489505380  2601.000 20 14
2013_01_12_17_21_24_116202301  2601.000 20 12
2013_01_12_17_21_48_197607869  2601.000 14 10
2013_01_12_17_22_44_897539446  2601.000 20 10
2013_01_12_17_22_58_660433003  2601.000 14 4
2013_01_12_17_23_59_188123863  2601.000 14 8
2013_01_12_17_24_19_326621042  2601.000 20 8
2013_01_12_17_26_17_176634830  2601.000 20 6
2013_01_12_17_26_39_573154905  2601.000 14 6
2013_01_12_17_28_12_420926743  2601.000 16 16
2013_01_12_17_28_24_766468236  2601.000 20 4
2013_01_12_17_29_34_029828577  2601.000 14 4
2013_01_12_17_29_34_489493323  2601.000 16 14
2013_01_12_17_30_58_700534487  2601.000 16 12
2013_01_12_17_32_03_277594070  2601.000 22 16
2013_01_12_17_32_37_378040201  2601.000 16 10
2013_01_12_17_33_07_943013029  2601.000 22 14
2013_01_12_17_34_15_815518659  2601.000 22 12
2013_01_12_17_34_29_086134856  2601.000 16 8
2013_01_12_17_34_42_063684698  2601.000 16 16
2013_01_12_17_35_30_349574982  2601.000 22 10
2013_01_12_17_36_03_373880643  2601.000 16 14
2013_01_12_17_36_45_257887012  2601.000 16 6
2013_01_12_17_36_55_286237623  2601.000 22 8
2013_01_12_17_37_28_879383734  2601.000 16 12
2013_01_12_17_38_43_375257184  2601.000 22 6
2013_01_12_17_39_12_867800895  2601.000 16 10
2013_01_12_17_39_20_253938682  2601.000 16 4
2013_01_12_17_40_43_703095008  2601.000 22 4
2013_01_12_17_41_09_716312302  2601.000 16 8
2013_01_12_17_43_28_496455923  2601.000 18 16
2013_01_12_17_43_29_782836490  2601.000 16 6
2013_01_12_17_44_02_411047117  2601.000 24 16
2013_01_12_17_44_42_027983818  2601.000 18 14
2013_01_12_17_45_03_231392927  2601.000 24 14
2013_01_12_17_45_59_964442186  2601.000 18 12
2013_01_12_17_46_07_299309506  2601.000 24 12
2013_01_12_17_46_09_247830259  2601.000 16 4
2013_01_12_17_47_17_359489223  2601.000 24 10
2013_01_12_17_47_28_038238337  2601.000 18 10
2013_01_12_17_48_38_050766414  2601.000 24 8
2013_01_12_17_49_14_122627238  2601.000 18 8
2013_01_12_17_50_17_727100675  2601.000 24 6
2013_01_12_17_50_49_114779367  2601.000 18 16
2013_01_12_17_51_19_576567048  2601.000 18 6
2013_01_12_17_52_02_691170144  2601.000 18 14
2013_01_12_17_52_09_577348164  2601.000 24 4
2013_01_12_17_53_20_976350115  2601.000 18 12
2013_01_12_17_53_37_604668220  2601.000 18 4
2013_01_12_17_54_53_827945755  2601.000 18 10
2013_01_12_17_55_21_653882592  2601.000 26 16
2013_01_12_17_56_20_248711428  2601.000 26 14
2013_01_12_17_56_33_914854243  2601.000 18 8
2013_01_12_17_57_21_654759402  2601.000 26 12
2013_01_12_17_57_30_214365553  2601.000 20 16
2013_01_12_17_58_29_008587948  2601.000 26 10
2013_01_12_17_58_37_604370456  2601.000 20 14
2013_01_12_17_58_42_009847255  2601.000 18 6
2013_01_12_17_59_46_134495147  2601.000 26 8
2013_01_12_17_59_48_109266323  2601.000 20 12
2013_01_12_18_01_03_283181776  2601.000 18 4
2013_01_12_18_01_09_337735217  2601.000 20 10
2013_01_12_18_01_21_458665159  2601.000 26 6
2013_01_12_18_02_44_719926902  2601.000 20 8
2013_01_12_18_03_09_482495639  2601.000 26 4
2013_01_12_18_04_38_603811548  2601.000 20 6
2013_01_12_18_04_52_260429796  2601.000 20 16
2013_01_12_18_06_00_149152790  2601.000 20 14
2013_01_12_18_06_01_184537094  2601.000 28 16
2013_01_12_18_06_45_352210350  2601.000 20 4
2013_01_12_18_06_57_006931905  2601.000 28 14
2013_01_12_18_07_11_183343237  2601.000 20 12
2013_01_12_18_07_55_076552775  2601.000 28 12
2013_01_12_18_08_32_211460706  2601.000 20 10
2013_01_12_18_08_58_706488207  2601.000 28 10
2013_01_12_18_10_05_516456339  2601.000 20 8
2013_01_12_18_10_09_861626029  2601.000 28 8
2013_01_12_18_10_29_357049211  2601.000 22 16
2013_01_12_18_11_34_974659027  2601.000 22 14
2013_01_12_18_11_38_640596710  2601.000 28 6
2013_01_12_18_11_59_347769391  2601.000 20 6
2013_01_12_18_12_42_428469725  2601.000 22 12
2013_01_12_18_13_13_902185391  2601.000 28 4
2013_01_12_18_13_58_673544699  2601.000 22 10
2013_01_12_18_14_08_129761787  2601.000 20 4
2013_01_12_18_15_29_765032436  2601.000 22 8
2013_01_12_18_15_56_661368655  2601.000 30 16
2013_01_12_18_16_49_539618700  2601.000 30 14
2013_01_12_18_17_19_770412520  2601.000 22 6
2013_01_12_18_17_40_965939518  2601.000 22 16
2013_01_12_18_17_43_607433707  2601.000 30 12
2013_01_12_18_18_44_927172382  2601.000 22 14
2013_01_12_18_18_46_258891683  2601.000 30 10
2013_01_12_18_19_18_405905351  2601.000 22 4
2013_01_12_18_19_53_520420123  2601.000 22 12
2013_01_12_18_19_56_001568638  2601.000 30 8
2013_01_12_18_21_12_407986426  2601.000 22 10
2013_01_12_18_21_20_391224616  2601.000 30 6
2013_01_12_18_22_38_198669425  2601.000 24 16
2013_01_12_18_22_40_523798969  2601.000 22 8
2013_01_12_18_22_53_435980191  2601.000 30 4
2013_01_12_18_23_38_749906501  2601.000 24 14
2013_01_12_18_24_29_329905419  2601.000 22 6
2013_01_12_18_24_41_557900139  2601.000 24 12
2013_01_12_18_25_27_214813325  2601.000 32 16
2013_01_12_18_25_54_064850416  2601.000 24 10
2013_01_12_18_26_18_392846118  2601.000 32 14
2013_01_12_18_26_28_589889023  2601.000 22 4
2013_01_12_18_27_11_355646019  2601.000 32 12
2013_01_12_18_27_14_524152551  2601.000 24 8
2013_01_12_18_28_11_483427153  2601.000 32 10
2013_01_12_18_28_52_772742331  2601.000 24 6
2013_01_12_18_29_16_493926728  2601.000 32 8
2013_01_12_18_29_48_310059916  2601.000 24 16
2013_01_12_18_30_35_351756724  2601.000 32 6
2013_01_12_18_30_43_870072261  2601.000 24 4
2013_01_12_18_30_48_794400404  2601.000 24 14
2013_01_12_18_31_53_384882672  2601.000 24 12
2013_01_12_18_32_03_064577339  2601.000 32 4
2013_01_12_18_33_06_790496665  2601.000 24 10
2013_01_12_18_33_48_724686011  2601.000 26 16
2013_01_12_18_34_18_200281331  2601.000 8 16
2013_01_12_18_34_28_099184603  2601.000 24 8
2013_01_12_18_34_46_206064651  2601.000 26 14
2013_01_12_18_35_47_290227987  2601.000 26 12
2013_01_12_18_36_05_874330906  2601.000 24 6
2013_01_12_18_36_54_239368841  2601.000 26 10
2013_01_12_18_37_32_651807481  2601.000 8 14
2013_01_12_18_37_55_148195545  2601.000 24 4
2013_01_12_18_38_14_904170668  2601.000 26 8
2013_01_12_18_39_49_139596215  2601.000 26 6
2013_01_12_18_40_59_383874580  2601.000 8 12
2013_01_12_18_41_01_585279191  2601.000 26 16
2013_01_12_18_41_33_943409717  2601.000 26 4
2013_01_12_18_41_58_997733175  2601.000 26 14
2013_01_12_18_42_58_667099569  2601.000 26 12
2013_01_12_18_44_04_896833281  2601.000 26 10
2013_01_12_18_44_33_697670639  2601.000 28 16
2013_01_12_18_44_41_910662762  2601.000 8 10
2013_01_12_18_45_20_995635962  2601.000 26 8
2013_01_12_18_45_28_955454594  2601.000 28 14
2013_01_12_18_46_27_830899715  2601.000 28 12
2013_01_12_18_46_54_856382375  2601.000 26 6
2013_01_12_18_47_32_906484980  2601.000 28 10
2013_01_12_18_48_36_969128899  2601.000 26 4
2013_01_12_18_48_46_582083424  2601.000 28 8
2013_01_12_18_48_48_289876705  2601.000 8 8
2013_01_12_18_50_13_930847772  2601.000 28 6
2013_01_12_18_51_33_023382810  2601.000 28 16
2013_01_12_18_51_50_098786298  2601.000 28 4
2013_01_12_18_52_27_493218979  2601.000 28 14
2013_01_12_18_53_24_041764414  2601.000 28 12
2013_01_12_18_54_04_338446584  2601.000 8 6
2013_01_12_18_54_29_214402629  2601.000 28 10
2013_01_12_18_54_30_438334217  2601.000 30 16
2013_01_12_18_55_23_033363380  2601.000 30 14
2013_01_12_18_55_41_722312071  2601.000 28 8
2013_01_12_18_56_19_166023773  2601.000 30 12
2013_01_12_18_57_10_486999513  2601.000 28 6
2013_01_12_18_57_21_651920137  2601.000 30 10
2013_01_12_18_58_30_043370484  2601.000 30 8
2013_01_12_18_58_46_537291268  2601.000 28 4
2013_01_12_18_59_52_826200050  2601.000 30 6
2013_01_12_18_59_57_937629770  2601.000 8 4
2013_01_12_19_01_24_514640554  2601.000 30 4
2013_01_12_19_01_26_381064960  2601.000 30 16
2013_01_12_19_02_18_907261504  2601.000 30 14
2013_01_12_19_03_13_638249801  2601.000 30 12
2013_01_12_19_03_57_749700923  2601.000 32 16
2013_01_12_19_04_14_530785586  2601.000 30 10
2013_01_12_19_04_49_211870469  2601.000 32 14
2013_01_12_19_05_24_136887348  2601.000 30 8
2013_01_12_19_05_42_564551063  2601.000 32 12
2013_01_12_19_06_42_300202843  2601.000 32 10
2013_01_12_19_06_50_096392489  2601.000 30 6
2013_01_12_19_07_48_014284473  2601.000 32 8
2013_01_12_19_08_20_458580965  2601.000 30 4
2013_01_12_19_09_06_497841992  2601.000 32 6
2013_01_12_19_10_31_575455920  2601.000 32 4
2013_01_12_19_10_50_525216499  2601.000 32 16
2013_01_12_19_10_59_013826542  2601.000 10 16
2013_01_12_19_11_42_742651289  2601.000 32 14
2013_01_12_19_12_36_239504205  2601.000 32 12
2013_01_12_19_12_54_757647488  2601.000 8 16
2013_01_12_19_13_36_070197004  2601.000 32 10
2013_01_12_19_13_40_674833416  2601.000 10 14
2013_01_12_19_14_42_887201458  2601.000 32 8
2013_01_12_19_16_03_930427201  2601.000 32 6
2013_01_12_19_16_07_462386830  2601.000 8 14
2013_01_12_19_16_23_380962363  2601.000 10 12
2013_01_12_19_17_29_689333150  2601.000 32 4
2013_01_12_19_19_24_632764431  2601.000 10 10
2013_01_12_19_19_33_518150436  2601.000 8 12
2013_01_12_19_19_53_580915338  2601.000 8 16
2013_01_12_19_22_41_307869772  2601.000 10 8
2013_01_12_19_23_12_867497410  2601.000 8 10
2013_01_12_19_23_14_063194954  2601.000 8 14
2013_01_12_19_26_38_825468071  2601.000 8 12
2013_01_12_19_26_57_577589141  2601.000 10 6
2013_01_12_19_27_16_767453721  2601.000 8 8
2013_01_12_19_30_19_761672601  2601.000 8 10
2013_01_12_19_31_48_392375155  2601.000 10 4
2013_01_12_19_32_39_547771654  2601.000 8 6
2013_01_12_19_34_23_268146734  2601.000 8 8
2013_01_12_19_38_31_998889750  2601.000 8 4
2013_01_12_19_39_34_283766623  2601.000 8 6
2013_01_12_19_40_42_053291453  2601.000 12 16
2013_01_12_19_42_57_496570359  2601.000 12 14
2013_01_12_19_45_20_451342664  2601.000 12 12
2013_01_12_19_45_24_264155448  2601.000 8 4
2013_01_12_19_47_58_952939297  2601.000 12 10
2013_01_12_19_50_19_020934366  2601.000 10 16
2013_01_12_19_50_42_263343854  2601.000 12 8
2013_01_12_19_52_58_479975122  2601.000 10 14
2013_01_12_19_54_16_261027950  2601.000 12 6
2013_01_12_19_55_41_915194822  2601.000 10 12
2013_01_12_19_56_39_947980636  2601.000 10 16
2013_01_12_19_58_08_750109135  2601.000 12 4
2013_01_12_19_58_41_835374177  2601.000 10 10
2013_01_12_19_59_28_053521500  2601.000 10 14
2013_01_12_20_01_58_860633561  2601.000 10 8
2013_01_12_20_02_15_627634229  2601.000 10 12
2013_01_12_20_05_02_332526339  2601.000 14 16
2013_01_12_20_05_23_568845088  2601.000 10 10
2013_01_12_20_06_16_671039009  2601.000 10 6
2013_01_12_20_07_04_053884387  2601.000 14 14
2013_01_12_20_08_43_399467145  2601.000 10 8
2013_01_12_20_09_08_138808087  2601.000 14 12
2013_01_12_20_11_04_896963417  2601.000 10 4
2013_01_12_20_11_21_749042606  2601.000 14 10
2013_01_12_20_12_58_894592444  2601.000 10 6
2013_01_12_20_13_42_556076527  2601.000 14 8
2013_01_12_20_16_45_605478917  2601.000 14 6
2013_01_12_20_17_52_139410719  2601.000 10 4
2013_01_12_20_19_53_921454515  2601.000 12 16
2013_01_12_20_20_09_359094698  2601.000 14 4
2013_01_12_20_22_10_499863918  2601.000 12 14
2013_01_12_20_24_32_171844498  2601.000 12 12
2013_01_12_20_26_06_037446250  2601.000 16 16
2013_01_12_20_26_47_896070155  2601.000 12 16
2013_01_12_20_27_01_342014820  2601.000 12 10
2013_01_12_20_27_54_019320049  2601.000 16 14
2013_01_12_20_29_06_087652634  2601.000 12 14
2013_01_12_20_29_47_967996231  2601.000 16 12
2013_01_12_20_29_51_026670155  2601.000 12 8
2013_01_12_20_31_28_491739439  2601.000 12 12
2013_01_12_20_31_45_638648338  2601.000 16 10
2013_01_12_20_33_26_173345768  2601.000 12 6
2013_01_12_20_33_54_484424109  2601.000 16 8
2013_01_12_20_34_11_081194983  2601.000 12 10
2013_01_12_20_36_43_861203963  2601.000 16 6
2013_01_12_20_37_00_696032306  2601.000 12 8
2013_01_12_20_37_29_756936618  2601.000 12 4
2013_01_12_20_39_44_882256360  2601.000 16 4
2013_01_12_20_40_41_058808999  2601.000 12 6
2013_01_12_20_44_44_092271174  2601.000 12 4
2013_01_12_20_45_04_297325954  2601.000 14 16
2013_01_12_20_45_20_964272080  2601.000 18 16
2013_01_12_20_47_02_670281832  2601.000 18 14
2013_01_12_20_47_04_478963961  2601.000 14 14
2013_01_12_20_48_44_365339616  2601.000 18 12
2013_01_12_20_49_05_209304617  2601.000 14 12
2013_01_12_20_50_31_833086415  2601.000 18 10
2013_01_12_20_51_18_954491468  2601.000 14 10
2013_01_12_20_52_21_194474021  2601.000 14 16
2013_01_12_20_52_28_513085457  2601.000 18 8
2013_01_12_20_53_46_066007444  2601.000 14 8
2013_01_12_20_54_22_898252425  2601.000 14 14
2013_01_12_20_55_02_898843624  2601.000 18 6
2013_01_12_20_56_33_447357693  2601.000 14 12
2013_01_12_20_56_53_355112136  2601.000 14 6
2013_01_12_20_57_46_438848822  2601.000 18 4
2013_01_12_20_58_49_260326010  2601.000 14 10
2013_01_12_21_00_20_913075345  2601.000 14 4
2013_01_12_21_01_15_930326590  2601.000 14 8
2013_01_12_21_03_01_844437660  2601.000 20 16
2013_01_12_21_04_23_680999616  2601.000 14 6
2013_01_12_21_04_34_801573069  2601.000 20 14
2013_01_12_21_06_09_534869739  2601.000 20 12
2013_01_12_21_07_03_610539551  2601.000 16 16
2013_01_12_21_07_47_766853363  2601.000 14 4
2013_01_12_21_07_51_999861830  2601.000 20 10
2013_01_12_21_08_51_741910299  2601.000 16 14
2013_01_12_21_09_38_994590642  2601.000 20 8
2013_01_12_21_10_44_518550259  2601.000 16 12
2013_01_12_21_11_56_613565939  2601.000 20 6
2013_01_12_21_12_44_698236406  2601.000 16 10
2013_01_12_21_14_18_553340709  2601.000 16 16
2013_01_12_21_14_25_817007177  2601.000 20 4
2013_01_12_21_14_56_678280102  2601.000 16 8
2013_01_12_21_16_07_855650657  2601.000 16 14
2013_01_12_21_17_40_996136559  2601.000 16 6
2013_01_12_21_18_01_243979583  2601.000 16 12
2013_01_12_21_18_57_610521681  2601.000 22 16
2013_01_12_21_20_03_650850846  2601.000 16 10
2013_01_12_21_20_23_953210508  2601.000 22 14
2013_01_12_21_20_36_811426283  2601.000 16 4
2013_01_12_21_21_53_801041949  2601.000 22 12
2013_01_12_21_22_14_528128536  2601.000 16 8
2013_01_12_21_23_31_294619381  2601.000 22 10
2013_01_12_21_25_01_453403550  2601.000 16 6
2013_01_12_21_25_10_296043484  2601.000 22 8
2013_01_12_21_25_53_974664922  2601.000 18 16
2013_01_12_21_27_18_343030699  2601.000 22 6
2013_01_12_21_27_33_812379806  2601.000 18 14
2013_01_12_21_28_05_418832182  2601.000 16 4
2013_01_12_21_29_15_616540227  2601.000 18 12
2013_01_12_21_29_37_020781510  2601.000 22 4
2013_01_12_21_31_03_126750107  2601.000 18 10
2013_01_12_21_32_58_366240643  2601.000 18 8
2013_01_12_21_33_47_537547418  2601.000 24 16
2013_01_12_21_33_55_372387002  2601.000 18 16
2013_01_12_21_35_09_764962048  2601.000 24 14
2013_01_12_21_35_29_636266445  2601.000 18 6
2013_01_12_21_35_35_874334010  2601.000 18 14
2013_01_12_21_36_35_567322461  2601.000 24 12
2013_01_12_21_37_17_372275352  2601.000 18 12
2013_01_12_21_38_02_681357806  2601.000 24 10
2013_01_12_21_38_09_584252646  2601.000 18 4
2013_01_12_21_39_05_082446401  2601.000 18 10
2013_01_12_21_39_33_938637992  2601.000 24 8
2013_01_12_21_41_03_335057725  2601.000 18 8
2013_01_12_21_41_29_324333560  2601.000 24 6
2013_01_12_21_42_57_646748911  2601.000 20 16
2013_01_12_21_43_33_610162475  2601.000 18 6
2013_01_12_21_43_38_342379409  2601.000 24 4
2013_01_12_21_44_29_485662585  2601.000 20 14
2013_01_12_21_46_04_224440319  2601.000 20 12
2013_01_12_21_46_14_523364054  2601.000 18 4
2013_01_12_21_47_33_967074520  2601.000 26 16
2013_01_12_21_47_44_240937019  2601.000 20 10
2013_01_12_21_48_53_726763261  2601.000 26 14
2013_01_12_21_49_28_025297050  2601.000 20 8
2013_01_12_21_50_13_579691501  2601.000 26 12
2013_01_12_21_51_02_782021293  2601.000 20 16
2013_01_12_21_51_34_885321101  2601.000 26 10
2013_01_12_21_51_49_725983621  2601.000 20 6
2013_01_12_21_52_36_591538439  2601.000 20 14
2013_01_12_21_53_01_880511108  2601.000 26 8
2013_01_12_21_54_10_913571508  2601.000 20 12
2013_01_12_21_54_24_978812018  2601.000 20 4
2013_01_12_21_54_54_240331280  2601.000 26 6
2013_01_12_21_55_51_097496037  2601.000 20 10
2013_01_12_21_56_53_681683077  2601.000 26 4
2013_01_12_21_57_38_535392835  2601.000 20 8
2013_01_12_21_59_05_781536458  2601.000 22 16
2013_01_12_21_59_51_514030067  2601.000 20 6
2013_01_12_22_00_28_959728191  2601.000 28 16
2013_01_12_22_00_32_496264728  2601.000 22 14
2013_01_12_22_01_44_607572257  2601.000 28 14
2013_01_12_22_02_02_104415179  2601.000 22 12
2013_01_12_22_02_21_169185227  2601.000 20 4
2013_01_12_22_03_00_115347877  2601.000 28 12
2013_01_12_22_03_35_507303602  2601.000 22 10
2013_01_12_22_04_18_236809873  2601.000 28 10
2013_01_12_22_05_13_097138202  2601.000 22 8
2013_01_12_22_05_40_256488734  2601.000 28 8
2013_01_12_22_07_01_218678701  2601.000 22 16
2013_01_12_22_07_22_828150703  2601.000 22 6
2013_01_12_22_07_26_606251736  2601.000 28 6
2013_01_12_22_08_30_830377448  2601.000 22 14
2013_01_12_22_09_19_080339055  2601.000 28 4
2013_01_12_22_09_42_612057626  2601.000 22 4
2013_01_12_22_10_01_338755276  2601.000 22 12
2013_01_12_22_11_32_352137758  2601.000 22 10
2013_01_12_22_12_45_034597589  2601.000 30 16
2013_01_12_22_13_13_629454957  2601.000 22 8
2013_01_12_22_13_56_125729339  2601.000 30 14
2013_01_12_22_13_57_709162919  2601.000 24 16
2013_01_12_22_15_06_573578572  2601.000 30 12
2013_01_12_22_15_20_934030182  2601.000 24 14
2013_01_12_22_15_23_067979511  2601.000 22 6
2013_01_12_22_16_20_924321546  2601.000 30 10
2013_01_12_22_16_47_261945370  2601.000 24 12
2013_01_12_22_17_40_956098534  2601.000 30 8
2013_01_12_22_17_49_443354766  2601.000 22 4
2013_01_12_22_18_13_452957800  2601.000 24 10
2013_01_12_22_19_18_643286000  2601.000 30 6
2013_01_12_22_19_45_087507642  2601.000 24 8
2013_01_12_22_21_03_977206689  2601.000 30 4
2013_01_12_22_21_43_767393961  2601.000 24 6
2013_01_12_22_22_03_397490836  2601.000 24 16
2013_01_12_22_23_26_245737035  2601.000 24 14
2013_01_12_22_23_54_889059472  2601.000 24 4
2013_01_12_22_24_14_833417359  2601.000 32 16
2013_01_12_22_24_50_500864132  2601.000 24 12
2013_01_12_22_25_23_916944953  2601.000 32 14
2013_01_12_22_26_20_276175131  2601.000 24 10
2013_01_12_22_26_31_577875559  2601.000 32 12
2013_01_12_22_27_43_215480779  2601.000 32 10
2013_01_12_22_27_45_823127630  2601.000 26 16
2013_01_12_22_27_54_255793297  2601.000 24 8
2013_01_12_22_28_59_097659965  2601.000 32 8
2013_01_12_22_29_03_250363400  2601.000 26 14
2013_01_12_22_29_57_955292359  2601.000 24 6
2013_01_12_22_30_22_256656597  2601.000 26 12
2013_01_12_22_30_32_934757796  2601.000 32 6
2013_01_12_22_31_43_928314763  2601.000 26 10
2013_01_12_22_32_09_042505054  2601.000 24 4
2013_01_12_22_32_13_446084657  2601.000 32 4
2013_01_12_22_33_11_326282610  2601.000 26 8
2013_01_12_22_35_02_284586413  2601.000 26 6
2013_01_12_22_35_02_742455924  2601.000 8 16
2013_01_12_22_36_02_107210089  2601.000 26 16
2013_01_12_22_37_01_720036358  2601.000 26 4
2013_01_12_22_37_19_925289142  2601.000 26 14
2013_01_12_22_37_53_377290511  2601.000 8 14
2013_01_12_22_38_39_284406692  2601.000 26 12
2013_01_12_22_40_02_457039888  2601.000 26 10
2013_01_12_22_40_38_089549535  2601.000 28 16
2013_01_12_22_40_48_962475770  2601.000 8 12
2013_01_12_22_41_29_067296046  2601.000 26 8
2013_01_12_22_41_51_249537941  2601.000 28 14
2013_01_12_22_43_05_690236356  2601.000 28 12
2013_01_12_22_43_17_338264445  2601.000 26 6
2013_01_12_22_44_02_085361675  2601.000 8 10
2013_01_12_22_44_21_997375897  2601.000 28 10
2013_01_12_22_45_20_017360910  2601.000 26 4
2013_01_12_22_45_43_966720824  2601.000 28 8
2013_01_12_22_47_28_875910939  2601.000 28 6
2013_01_12_22_47_49_568838505  2601.000 8 8
2013_01_12_22_48_58_611341356  2601.000 28 16
2013_01_12_22_49_20_922152189  2601.000 28 4
2013_01_12_22_50_13_561698130  2601.000 28 14
2013_01_12_22_51_27_172407337  2601.000 28 12
2013_01_12_22_52_43_304657088  2601.000 30 16
2013_01_12_22_52_45_154303584  2601.000 28 10
2013_01_12_22_53_08_263464388  2601.000 8 6
2013_01_12_22_53_53_722502281  2601.000 30 14
2013_01_12_22_54_06_134746284  2601.000 28 8
2013_01_12_22_55_06_051417927  2601.000 30 12
2013_01_12_22_55_49_596417653  2601.000 28 6
2013_01_12_22_56_21_328051110  2601.000 30 10
2013_01_12_22_57_40_154988535  2601.000 30 8
2013_01_12_22_57_42_641926640  2601.000 28 4
2013_01_12_22_59_06_290765529  2601.000 8 4
2013_01_12_22_59_18_857540889  2601.000 30 6
2013_01_12_23_01_06_035395950  2601.000 30 4
2013_01_12_23_01_06_881050682  2601.000 30 16
2013_01_12_23_02_17_727263897  2601.000 30 14
2013_01_12_23_03_28_185366145  2601.000 30 12
2013_01_12_23_04_19_101556766  2601.000 32 16
2013_01_12_23_04_41_648931871  2601.000 30 10
2013_01_12_23_05_27_971064879  2601.000 32 14
2013_01_12_23_05_59_879412155  2601.000 30 8
2013_01_12_23_06_35_769991350  2601.000 32 12
2013_01_12_23_07_40_048731066  2601.000 30 6
2013_01_12_23_07_47_428528500  2601.000 32 10
2013_01_12_23_09_01_684806731  2601.000 32 8
2013_01_12_23_09_27_029007819  2601.000 30 4
2013_01_12_23_10_05_027914716  2601.000 10 16
2013_01_12_23_10_36_467073355  2601.000 32 6
2013_01_12_23_12_18_687957882  2601.000 32 4
2013_01_12_23_12_23_815386091  2601.000 10 14
2013_01_12_23_12_37_678070801  2601.000 32 16
2013_01_12_23_13_47_454798761  2601.000 32 14
2013_01_12_23_14_48_043802533  2601.000 10 12
2013_01_12_23_14_55_996951051  2601.000 32 12
2013_01_12_23_15_17_457564380  2601.000 8 16
2013_01_12_23_16_07_572342952  2601.000 32 10
2013_01_12_23_17_23_639385758  2601.000 32 8
2013_01_12_23_17_31_949778384  2601.000 10 10
2013_01_12_23_18_09_460266173  2601.000 8 14
2013_01_12_23_18_59_987151902  2601.000 32 6
2013_01_12_23_20_44_251836275  2601.000 32 4
2013_01_12_23_21_05_915834473  2601.000 8 12
2013_01_12_23_23_44_992135074  2601.000 8 16
2013_01_12_23_24_28_229509960  2601.000 8 10
2013_01_12_23_26_32_237097626  2601.000 8 14
2013_01_12_23_28_18_567657986  2601.000 8 8
2013_01_12_23_29_28_412874052  2601.000 8 12
2013_01_12_23_32_51_314768878  2601.000 8 10
2013_01_12_23_33_41_575014788  2601.000 8 6
2013_01_12_23_36_41_980147187  2601.000 8 8
2013_01_12_23_39_39_587267106  2601.000 8 4
2013_01_12_23_41_56_524548579  2601.000 8 6
2013_01_12_23_48_01_058966275  2601.000 8 4
2013_01_12_23_50_40_678517642  2601.000 10 16
2013_01_12_23_52_58_167667325  2601.000 10 14
2013_01_12_23_55_27_334162818  2601.000 10 12
2013_01_12_23_59_03_779303556  2601.000 10 16
2013_01_13_00_01_21_288414901  2601.000 10 14
