2012_12_28_17_42_26_478107398  2601.000 8 16
2012_12_28_17_43_14_931854870  2601.000 8 14
2012_12_28_17_44_06_901358231  2601.000 8 12
2012_12_28_17_45_05_765956994  2601.000 8 10
2012_12_28_17_46_12_545315576  2601.000 8 8
2012_12_28_17_47_40_731898430  2601.000 8 6
2012_12_28_17_49_23_845935968  2601.000 8 4
2012_12_28_17_52_05_985949227  2601.000 16 16
2012_12_28_17_52_38_076841509  2601.000 16 14
2012_12_28_17_53_11_161812535  2601.000 16 12
2012_12_28_17_53_47_155800947  2601.000 16 10
2012_12_28_17_54_27_397350738  2601.000 16 8
2012_12_28_17_55_14_467685329  2601.000 16 6
2012_12_28_17_56_09_619842797  2601.000 16 4
2012_12_28_17_57_33_082600800  2601.000 32 16
2012_12_28_17_57_57_805913659  2601.000 32 14
2012_12_28_17_58_21_670157192  2601.000 32 12
2012_12_28_17_58_46_905579872  2601.000 32 10
2012_12_28_17_59_14_733448754  2601.000 32 8
2012_12_28_17_59_45_822906535  2601.000 32 6
2012_12_28_18_00_21_550955200  2601.000 32 4
2012_12_28_18_01_09_011355756  2601.000 8 16
2012_12_28_18_02_17_529811348  2601.000 8 14
2012_12_28_18_03_29_645978997  2601.000 8 12
2012_12_28_18_04_47_271638347  2601.000 8 10
2012_12_28_18_06_11_725755559  2601.000 8 8
2012_12_28_18_07_53_780212813  2601.000 8 6
2012_12_28_18_10_01_862079030  2601.000 8 4
2012_12_28_18_13_08_372440641  2601.000 16 16
2012_12_28_18_13_49_141956429  2601.000 16 14
2012_12_28_18_14_31_323188874  2601.000 16 12
2012_12_28_18_15_15_812437705  2601.000 16 10
2012_12_28_18_16_03_658190326  2601.000 16 8
2012_12_28_18_17_00_478096090  2601.000 16 6
2012_12_28_18_18_07_411686566  2601.000 16 4
2012_12_28_18_20_06_070429417  2601.000 32 16
2012_12_28_18_20_35_825559417  2601.000 32 14
2012_12_28_18_21_04_436406946  2601.000 32 12
2012_12_28_18_21_34_179245784  2601.000 32 10
2012_12_28_18_22_05_759848478  2601.000 32 8
2012_12_28_18_22_40_029058467  2601.000 32 6
2012_12_28_18_23_18_822441720  2601.000 32 4
2012_12_28_18_24_12_653472117  2601.000 8 16
2012_12_28_18_25_12_165612374  2601.000 8 14
2012_12_28_18_26_14_964984359  2601.000 8 12
2012_12_28_18_27_23_910912096  2601.000 8 10
2012_12_28_18_28_44_175971379  2601.000 8 8
2012_12_28_18_30_27_801394452  2601.000 8 6
2012_12_28_18_32_37_701621525  2601.000 8 4
2012_12_28_18_35_55_501689037  2601.000 16 16
2012_12_28_18_36_31_180863276  2601.000 16 14
2012_12_28_18_37_08_274266797  2601.000 16 12
2012_12_28_18_37_47_748467765  2601.000 16 10
2012_12_28_18_38_33_276551077  2601.000 16 8
2012_12_28_18_39_28_734025966  2601.000 16 6
2012_12_28_18_40_34_863420616  2601.000 16 4
2012_12_28_18_42_27_544555843  2601.000 32 16
2012_12_28_18_42_53_720018482  2601.000 32 14
2012_12_28_18_43_19_944838073  2601.000 32 12
2012_12_28_18_43_47_610693575  2601.000 32 10
2012_12_28_18_44_17_130735521  2601.000 32 8
2012_12_28_18_44_50_632715613  2601.000 32 6
2012_12_28_18_45_30_419022341  2601.000 32 4
2012_12_28_18_46_29_035594988  2601.000 8 16
2012_12_28_18_47_23_224205202  2601.000 8 14
2012_12_28_18_48_23_511299083  2601.000 8 12
2012_12_28_18_49_32_685608978  2601.000 8 10
2012_12_28_18_50_53_685139944  2601.000 8 8
2012_12_28_18_52_36_032831519  2601.000 8 6
2012_12_28_18_54_44_321613828  2601.000 8 4
2012_12_28_18_57_52_448298557  2601.000 16 16
2012_12_28_18_58_24_830967296  2601.000 16 14
2012_12_28_18_58_59_457687534  2601.000 16 12
2012_12_28_18_59_38_288088521  2601.000 16 10
2012_12_28_19_00_22_336288525  2601.000 16 8
2012_12_28_19_01_17_434887960  2601.000 16 6
2012_12_28_19_02_22_476106173  2601.000 16 4
2012_12_28_19_04_11_846219461  2601.000 32 16
2012_12_28_19_04_36_016566706  2601.000 32 14
2012_12_28_19_05_01_051745071  2601.000 32 12
2012_12_28_19_05_28_359711905  2601.000 32 10
2012_12_28_19_05_58_293445203  2601.000 32 8
2012_12_28_19_06_33_142735615  2601.000 32 6
2012_12_28_19_07_13_281633614  2601.000 32 4
2012_12_28_19_08_11_595653053  2601.000 8 16
2012_12_28_19_09_05_885712846  2601.000 8 14
2012_12_28_19_10_06_064371961  2601.000 8 12
2012_12_28_19_11_14_995179941  2601.000 8 10
2012_12_28_19_12_35_384485328  2601.000 8 8
2012_12_28_19_14_19_225498970  2601.000 8 6
2012_12_28_19_16_26_585491616  2601.000 8 4
2012_12_28_19_20_08_243405409  2601.000 16 16
2012_12_28_19_20_39_604859506  2601.000 16 14
2012_12_28_19_21_14_083369320  2601.000 16 12
2012_12_28_19_21_52_402797908  2601.000 16 10
2012_12_28_19_22_36_406322204  2601.000 16 8
2012_12_28_19_23_30_410106654  2601.000 16 6
2012_12_28_19_24_39_337257725  2601.000 16 4
2012_12_28_19_26_25_210545724  2601.000 32 16
2012_12_28_19_26_49_923855088  2601.000 32 14
2012_12_28_19_27_15_742760590  2601.000 32 12
2012_12_28_19_27_42_088187237  2601.000 32 10
2012_12_28_19_28_12_400517345  2601.000 32 8
2012_12_28_19_28_47_250600698  2601.000 32 6
2012_12_28_19_29_28_482137798  2601.000 32 4
