2013_01_03_00_50_14_660305235  2601.000 8 16
2013_01_03_00_51_11_723325985  2601.000 8 14
2013_01_03_00_52_06_721569350  2601.000 8 12
2013_01_03_00_53_08_142894685  2601.000 8 10
2013_01_03_00_54_20_030362827  2601.000 8 8
2013_01_03_00_55_51_642142688  2601.000 8 6
2013_01_03_00_57_36_709117464  2601.000 8 4
2013_01_03_01_00_24_289272081  2601.000 16 16
2013_01_03_01_01_04_536347968  2601.000 16 14
2013_01_03_01_01_46_319573479  2601.000 16 12
2013_01_03_01_02_31_272535129  2601.000 16 10
2013_01_03_01_03_20_397181285  2601.000 16 8
2013_01_03_01_04_17_670496283  2601.000 16 6
2013_01_03_01_05_21_958299584  2601.000 16 4
2013_01_03_01_06_55_060977214  2601.000 32 16
2013_01_03_01_07_49_640891624  2601.000 32 14
2013_01_03_01_08_40_733018298  2601.000 32 12
2013_01_03_01_09_33_614383137  2601.000 32 10
2013_01_03_01_10_28_610869845  2601.000 32 8
2013_01_03_01_11_26_954102520  2601.000 32 6
2013_01_03_01_12_30_975206910  2601.000 32 4
2013_01_03_01_13_46_831523813  2601.000 8 16
2013_01_03_01_14_57_422310196  2601.000 8 14
2013_01_03_01_16_11_099631043  2601.000 8 12
2013_01_03_01_17_30_279976436  2601.000 8 10
2013_01_03_01_18_55_924742319  2601.000 8 8
2013_01_03_01_20_46_326110584  2601.000 8 6
2013_01_03_01_22_54_235268610  2601.000 8 4
2013_01_03_01_26_51_514982172  2601.000 16 16
2013_01_03_01_27_41_398805986  2601.000 16 14
2013_01_03_01_28_33_143004587  2601.000 16 12
2013_01_03_01_29_27_054011918  2601.000 16 10
2013_01_03_01_30_24_124532032  2601.000 16 8
2013_01_03_01_31_29_662922357  2601.000 16 6
2013_01_03_01_32_48_285006117  2601.000 16 4
2013_01_03_01_34_56_281640847  2601.000 32 16
2013_01_03_01_35_58_921369618  2601.000 32 14
2013_01_03_01_37_01_032178982  2601.000 32 12
2013_01_03_01_38_03_781687206  2601.000 32 10
2013_01_03_01_39_08_318839002  2601.000 32 8
2013_01_03_01_40_15_688200871  2601.000 32 6
2013_01_03_01_41_28_309817543  2601.000 32 4
2013_01_03_01_42_57_579053169  2601.000 8 16
2013_01_03_01_43_59_127547828  2601.000 8 14
2013_01_03_01_45_04_329520781  2601.000 8 12
2013_01_03_01_46_14_823973520  2601.000 8 10
2013_01_03_01_47_36_905272995  2601.000 8 8
2013_01_03_01_49_21_187302817  2601.000 8 6
2013_01_03_01_51_29_263088155  2601.000 8 4
2013_01_03_01_55_12_735839034  2601.000 16 16
2013_01_03_01_55_59_198816091  2601.000 16 14
2013_01_03_01_56_46_000738380  2601.000 16 12
2013_01_03_01_57_36_356610004  2601.000 16 10
2013_01_03_01_58_31_572841272  2601.000 16 8
2013_01_03_01_59_39_556992873  2601.000 16 6
2013_01_03_02_00_57_271080093  2601.000 16 4
2013_01_03_02_03_11_633603983  2601.000 32 16
2013_01_03_02_04_13_022748288  2601.000 32 14
2013_01_03_02_05_12_774749956  2601.000 32 12
2013_01_03_02_06_13_707827601  2601.000 32 10
2013_01_03_02_07_17_027532035  2601.000 32 8
2013_01_03_02_08_23_605789785  2601.000 32 6
2013_01_03_02_09_36_255717081  2601.000 32 4
2013_01_03_02_11_01_736642902  2601.000 8 16
2013_01_03_02_11_57_576446697  2601.000 8 14
2013_01_03_02_12_59_364776794  2601.000 8 12
2013_01_03_02_14_09_216995109  2601.000 8 10
2013_01_03_02_15_30_428774298  2601.000 8 8
2013_01_03_02_17_14_405775403  2601.000 8 6
2013_01_03_02_19_21_296464295  2601.000 8 4
2013_01_03_02_23_07_733146845  2601.000 16 16
2013_01_03_02_23_52_109891952  2601.000 16 14
2013_01_03_02_24_37_310702107  2601.000 16 12
2013_01_03_02_25_27_293038249  2601.000 16 10
2013_01_03_02_26_23_339017394  2601.000 16 8
2013_01_03_02_27_29_470435689  2601.000 16 6
2013_01_03_02_28_46_989192805  2601.000 16 4
2013_01_03_02_30_53_947583846  2601.000 32 16
2013_01_03_02_31_52_338440121  2601.000 32 14
2013_01_03_02_32_50_836642305  2601.000 32 12
2013_01_03_02_33_51_102271910  2601.000 32 10
2013_01_03_02_34_53_297294711  2601.000 32 8
2013_01_03_02_36_00_099251082  2601.000 32 6
2013_01_03_02_37_13_707763539  2601.000 32 4
2013_01_03_02_38_41_826040372  2601.000 8 16
2013_01_03_02_39_37_381110113  2601.000 8 14
2013_01_03_02_40_38_922800428  2601.000 8 12
2013_01_03_02_41_48_995758888  2601.000 8 10
2013_01_03_02_43_09_979728392  2601.000 8 8
2013_01_03_02_44_56_482047672  2601.000 8 6
2013_01_03_02_47_03_648171721  2601.000 8 4
2013_01_03_02_50_49_454923738  2601.000 16 16
2013_01_03_02_51_33_272362763  2601.000 16 14
2013_01_03_02_52_17_241512533  2601.000 16 12
2013_01_03_02_53_06_552473740  2601.000 16 10
2013_01_03_02_54_02_583858261  2601.000 16 8
2013_01_03_02_55_08_373038909  2601.000 16 6
2013_01_03_02_56_24_253874214  2601.000 16 4
2013_01_03_02_58_28_762572812  2601.000 32 16
2013_01_03_02_59_26_434995101  2601.000 32 14
2013_01_03_03_00_24_848652226  2601.000 32 12
2013_01_03_03_01_24_376691954  2601.000 32 10
2013_01_03_03_02_27_187334716  2601.000 32 8
2013_01_03_03_03_34_653781615  2601.000 32 6
2013_01_03_03_04_47_330988593  2601.000 32 4
