2013_01_12_02_44_04_750437481  2601.000 32 6
2013_01_12_02_44_22_076624096  2601.000 32 4
2013_01_12_02_44_38_738089710  2601.000 10 14
2013_01_12_02_44_39_338932081  2601.000 8 16
2013_01_12_02_45_16_033014469  2601.000 10 12
2013_01_12_02_45_31_941199339  2601.000 8 14
2013_01_12_02_45_53_309091852  2601.000 10 10
2013_01_12_02_46_21_082941840  2601.000 8 12
2013_01_12_02_46_30_374078173  2601.000 10 8
2013_01_12_02_47_07_669562029  2601.000 10 6
2013_01_12_02_47_09_045878400  2601.000 8 10
2013_01_12_02_47_53_165650855  2601.000 10 4
2013_01_12_02_47_54_978089143  2601.000 8 8
2013_01_12_02_48_39_288629703  2601.000 12 16
2013_01_12_02_48_39_652838406  2601.000 8 6
2013_01_12_02_49_12_614261974  2601.000 12 14
2013_01_12_02_49_33_924493898  2601.000 8 4
2013_01_12_02_49_44_191827776  2601.000 12 12
2013_01_12_02_50_16_200641086  2601.000 12 10
2013_01_12_02_50_29_391354182  2601.000 10 16
2013_01_12_02_50_47_735108969  2601.000 12 8
2013_01_12_02_51_13_040357854  2601.000 10 14
2013_01_12_02_51_18_995782234  2601.000 12 6
2013_01_12_02_51_54_156294288  2601.000 10 12
2013_01_12_02_51_57_743016139  2601.000 12 4
2013_01_12_02_52_33_892483686  2601.000 10 10
2013_01_12_02_52_36_369058416  2601.000 14 16
2013_01_12_02_53_05_442218007  2601.000 14 14
2013_01_12_02_53_12_215932779  2601.000 10 8
2013_01_12_02_53_33_340653130  2601.000 14 12
2013_01_12_02_53_49_753288337  2601.000 10 6
2013_01_12_02_54_01_999468455  2601.000 14 10
2013_01_12_02_54_30_051568739  2601.000 14 8
2013_01_12_02_54_35_324395757  2601.000 10 4
2013_01_12_02_54_57_914188520  2601.000 14 6
2013_01_12_02_55_21_439792409  2601.000 12 16
2013_01_12_02_55_31_890464282  2601.000 14 4
2013_01_12_02_55_58_731735923  2601.000 12 14
2013_01_12_02_56_06_231223113  2601.000 16 16
2013_01_12_02_56_33_508505575  2601.000 16 14
2013_01_12_02_56_33_544669949  2601.000 12 12
2013_01_12_02_57_00_222406512  2601.000 16 12
2013_01_12_02_57_07_548218713  2601.000 12 10
2013_01_12_02_57_25_323111731  2601.000 16 10
2013_01_12_02_57_40_165299496  2601.000 12 8
2013_01_12_02_57_50_994240754  2601.000 16 8
2013_01_12_02_58_12_216990007  2601.000 12 6
2013_01_12_02_58_15_650520518  2601.000 16 6
2013_01_12_02_58_45_918398993  2601.000 16 4
2013_01_12_02_58_50_737604851  2601.000 12 4
2013_01_12_02_59_16_686428013  2601.000 18 16
2013_01_12_02_59_29_403237791  2601.000 14 16
2013_01_12_02_59_40_411149179  2601.000 18 14
2013_01_12_03_00_01_864087399  2601.000 14 14
2013_01_12_03_00_04_714657388  2601.000 18 12
2013_01_12_03_00_28_889952402  2601.000 18 10
2013_01_12_03_00_32_777789424  2601.000 14 12
2013_01_12_03_00_52_582949549  2601.000 18 8
2013_01_12_03_01_03_886963734  2601.000 14 10
2013_01_12_03_01_16_730047545  2601.000 18 6
2013_01_12_03_01_32_840258604  2601.000 14 8
2013_01_12_03_01_45_155977223  2601.000 18 4
2013_01_12_03_02_00_904390114  2601.000 14 6
2013_01_12_03_02_13_893080279  2601.000 20 16
2013_01_12_03_02_34_596370986  2601.000 14 4
2013_01_12_03_02_35_733885193  2601.000 20 14
2013_01_12_03_02_57_034547812  2601.000 20 12
2013_01_12_03_03_08_929154964  2601.000 16 16
2013_01_12_03_03_18_480553616  2601.000 20 10
2013_01_12_03_03_39_063860680  2601.000 16 14
2013_01_12_03_03_39_619246882  2601.000 20 8
2013_01_12_03_04_00_727408272  2601.000 20 6
2013_01_12_03_04_07_575487728  2601.000 16 12
2013_01_12_03_04_25_948355413  2601.000 20 4
2013_01_12_03_04_34_789869172  2601.000 16 10
2013_01_12_03_04_51_436191073  2601.000 22 16
2013_01_12_03_05_01_368949349  2601.000 16 8
2013_01_12_03_05_14_387423769  2601.000 22 14
2013_01_12_03_05_27_718092771  2601.000 16 6
2013_01_12_03_05_36_204275040  2601.000 22 12
2013_01_12_03_05_57_867592764  2601.000 22 10
2013_01_12_03_05_58_019835402  2601.000 16 4
2013_01_12_03_06_19_893502059  2601.000 22 8
2013_01_12_03_06_28_881176078  2601.000 18 16
2013_01_12_03_06_41_586334108  2601.000 22 6
2013_01_12_03_06_55_609754592  2601.000 18 14
2013_01_12_03_07_07_072810512  2601.000 22 4
2013_01_12_03_07_21_009280808  2601.000 18 12
2013_01_12_03_07_32_753857503  2601.000 24 16
2013_01_12_03_07_45_614309693  2601.000 18 10
2013_01_12_03_08_04_877008496  2601.000 24 14
2013_01_12_03_08_09_318478609  2601.000 18 8
2013_01_12_03_08_25_102657255  2601.000 24 12
2013_01_12_03_08_32_621684853  2601.000 18 6
2013_01_12_03_08_44_809871918  2601.000 24 10
2013_01_12_03_09_00_270541715  2601.000 18 4
2013_01_12_03_09_04_421641654  2601.000 24 8
2013_01_12_03_09_23_738515738  2601.000 24 6
2013_01_12_03_09_28_470644698  2601.000 20 16
2013_01_12_03_09_46_448806341  2601.000 24 4
2013_01_12_03_09_54_032432534  2601.000 20 14
2013_01_12_03_10_09_279404596  2601.000 26 16
2013_01_12_03_10_17_979160975  2601.000 20 12
2013_01_12_03_10_39_282297866  2601.000 26 14
2013_01_12_03_10_42_022193804  2601.000 20 10
2013_01_12_03_10_58_210653967  2601.000 26 12
2013_01_12_03_11_04_609400634  2601.000 20 8
2013_01_12_03_11_16_941425988  2601.000 26 10
2013_01_12_03_11_26_814867943  2601.000 20 6
2013_01_12_03_11_35_473005597  2601.000 26 8
2013_01_12_03_11_52_716735197  2601.000 20 4
2013_01_12_03_11_54_308430841  2601.000 26 6
2013_01_12_03_12_16_097852990  2601.000 26 4
2013_01_12_03_12_19_067259481  2601.000 22 16
2013_01_12_03_12_37_938859232  2601.000 28 16
2013_01_12_03_12_42_893953384  2601.000 22 14
2013_01_12_03_13_05_525532652  2601.000 22 12
2013_01_12_03_13_07_214126668  2601.000 28 14
2013_01_12_03_13_25_339947092  2601.000 28 12
2013_01_12_03_13_27_299328534  2601.000 22 10
2013_01_12_03_13_43_163375971  2601.000 28 10
2013_01_12_03_13_48_695478883  2601.000 22 8
2013_01_12_03_14_01_478154419  2601.000 28 8
2013_01_12_03_14_09_674465445  2601.000 22 6
2013_01_12_03_14_19_660967098  2601.000 28 6
2013_01_12_03_14_34_356798884  2601.000 22 4
2013_01_12_03_14_40_448881226  2601.000 28 4
2013_01_12_03_14_59_321898137  2601.000 24 16
2013_01_12_03_15_01_483814299  2601.000 30 16
2013_01_12_03_15_21_578982904  2601.000 24 14
2013_01_12_03_15_28_325768024  2601.000 30 14
2013_01_12_03_15_42_780104030  2601.000 24 12
2013_01_12_03_15_45_487699527  2601.000 30 12
2013_01_12_03_16_02_503054084  2601.000 30 10
2013_01_12_03_16_03_234347981  2601.000 24 10
2013_01_12_03_16_20_138641930  2601.000 30 8
2013_01_12_03_16_23_186003810  2601.000 24 8
2013_01_12_03_16_37_345225946  2601.000 30 6
2013_01_12_03_16_42_770587400  2601.000 24 6
2013_01_12_03_16_57_707312250  2601.000 30 4
2013_01_12_03_17_05_212233038  2601.000 24 4
2013_01_12_03_17_17_982309181  2601.000 32 16
2013_01_12_03_17_28_234850276  2601.000 26 16
2013_01_12_03_17_43_578295261  2601.000 32 14
2013_01_12_03_17_49_301730192  2601.000 26 14
2013_01_12_03_18_00_012013131  2601.000 32 12
2013_01_12_03_18_09_210205603  2601.000 26 12
2013_01_12_03_18_16_341458916  2601.000 32 10
2013_01_12_03_18_28_156011889  2601.000 26 10
2013_01_12_03_18_32_146071011  2601.000 32 8
2013_01_12_03_18_47_898110535  2601.000 26 8
2013_01_12_03_18_48_261825130  2601.000 32 6
2013_01_12_03_19_06_574191269  2601.000 26 6
2013_01_12_03_19_06_955663419  2601.000 32 4
2013_01_12_03_19_28_227729744  2601.000 26 4
2013_01_12_03_19_49_730185044  2601.000 28 16
2013_01_12_03_19_59_827157384  2601.000 8 16
2013_01_12_03_20_10_635730421  2601.000 28 14
2013_01_12_03_20_29_922961341  2601.000 28 12
2013_01_12_03_20_43_562206897  2601.000 8 14
2013_01_12_03_20_48_291116909  2601.000 28 10
2013_01_12_03_21_06_193811679  2601.000 28 8
2013_01_12_03_21_23_644145200  2601.000 28 6
2013_01_12_03_21_26_162260705  2601.000 8 12
2013_01_12_03_21_44_163956605  2601.000 28 4
2013_01_12_03_22_04_631335671  2601.000 30 16
2013_01_12_03_22_07_973167606  2601.000 8 10
2013_01_12_03_22_23_607770618  2601.000 30 14
2013_01_12_03_22_41_288918342  2601.000 30 12
2013_01_12_03_22_49_535006653  2601.000 8 8
2013_01_12_03_22_59_215332874  2601.000 30 10
2013_01_12_03_23_16_267374818  2601.000 30 8
2013_01_12_03_23_30_401169499  2601.000 8 6
2013_01_12_03_23_33_282388493  2601.000 30 6
2013_01_12_03_23_52_998370262  2601.000 30 4
2013_01_12_03_24_12_745276690  2601.000 32 16
2013_01_12_03_24_17_637915912  2601.000 8 4
2013_01_12_03_24_31_312441181  2601.000 32 14
2013_01_12_03_24_48_809024826  2601.000 32 12
2013_01_12_03_25_05_190463472  2601.000 10 16
2013_01_12_03_25_05_881012856  2601.000 32 10
2013_01_12_03_25_23_835392950  2601.000 32 8
2013_01_12_03_25_40_590643628  2601.000 32 6
2013_01_12_03_25_41_454617513  2601.000 10 14
2013_01_12_03_25_59_492826633  2601.000 32 4
2013_01_12_03_26_17_025743042  2601.000 10 12
2013_01_12_03_26_18_869273037  2601.000 8 16
2013_01_12_03_26_52_785784703  2601.000 10 10
2013_01_12_03_27_06_346505033  2601.000 8 14
